Galaxy-bias_vs_z.ecsv
# %ECSV 1.0
# ---
# datatype:
# - {name: Redshift, datatype: float64}
# - {name: Bias_MUV-18, datatype: float64}
# - {name: Bias_MUV-19.1, datatype: float64}
# - {name: Bias_MUV-20, datatype: float64}
# - {name: Bias_MUV-21, datatype: float64}
# meta: !!omap
# - {Description: 'Model galaxy bias as a function of redshift for M_UV < -18, -19.1, -20, -21'}
# schema: astropy-2.0
Redshift Bias_MUV-18 Bias_MUV-19.1 Bias_MUV-20 Bias_MUV-21
3.15 2.5806356985088885 3.144662067555478 3.8015030427278353 4.774479846161429
3.2011194029850745 2.613407720581672 3.1790882113632963 3.838230819878086 4.815171378193213
3.252238805970149 2.646608492051392 3.2137736347707495 3.874928772126867 4.855444054838606
3.303358208955224 2.680241088041843 3.2487360603321753 3.911615356990188 4.895327114377136
3.3544776119402986 2.7143082078661878 3.283994007693349 3.9483104806214726 4.934850070136684
3.405597014925373 2.748812179327968 3.3195665660245934 3.985035528113719 4.974042585974352
3.4567164179104477 2.7837549693001846 3.355473098025512 4.02181333121923 5.01293437809014
3.5078358208955223 2.819138206414928 3.3917329563421466 4.058668137675369 5.051555163275208
3.558955223880597 2.8549632165248946 3.428365252399512 4.095625599746738 5.089934655581096
3.6100746268656714 2.8912310588403023 3.4653885926799366 4.1327126971740284 5.12810259283914
3.661194029850746 2.9279425677454993 3.5028208549591455 4.169957645315236 5.166088802389402
3.712313432835821 2.965098396588685 3.5406789947930473 4.207389770533833 5.203923298497126
3.7634328358208955 3.0026990609631654 3.5789788776468106 4.245039343219534 5.241636404923777
3.81455223880597 3.0404231820739542 3.6185002964407245 4.285091278185641 5.282572029276428
3.8656716417910446 3.0777563065385474 3.66047581535237 4.331166911209874 5.332617357962924
3.916791044776119 3.115488997112762 3.703013457344745 4.378033525344569 5.383900922883808
3.967910447761194 3.1536181358001554 3.7461048346156476 4.425675751904847 5.4363931681756705
4.019029850746269 3.192140882934899 3.7897420156531303 4.474079256809763 5.4900660415575
4.070149253731343 3.2310546643514537 3.833917494659951 4.523230659524909 5.544892960238665
4.121268656716418 3.2703571604459056 3.8786241762902716 4.573117465390509 5.600848772861372
4.172388059701492 3.310046294750341 3.9238553457293217 4.62372798992488 5.657909715912933
4.223507462686567 3.350120222284847 3.9696046370235245 4.675051285006732 5.716053365680686
4.2746268656716415 3.390577264966581 4.015865962325102 4.7270770107886815 5.775258501863378
4.325746268656716 3.4314158641334442 4.0626334416361285 4.779795320884297 5.835504995521411
4.3768656716417915 3.472634654973205 4.109901509922562 4.833196939522412 5.896773886463959
4.427985074626866 3.5142324645568297 4.157664870240748 4.887273094619315 5.959047341361949
4.479104477611941 3.5562083064908068 4.205918502382858 4.942015489600661 6.022308603613555
4.530223880597015 3.598561376835314 4.254657691390618 4.997416292237144 6.086541944351774
4.58134328358209 3.641291044729224 4.303877949205955 5.053468048958994 6.151732606475274
4.632462686567164 3.684396848986627 4.353575040293365 5.110163678818231 6.217866757046291
4.683582089552239 3.7278784951313035 4.403745012131348 5.167496471836878 6.284931440292588
4.734701492537313 3.771735847056275 4.454384101023438 5.225459999433319 6.3529145237937446
4.785820895522388 3.8159689269678516 4.505488821080756 5.284048163336015 6.421804658396753
4.8369402985074625 3.8605779090810297 4.557055885382252 5.3432551182583365 6.49159122775155
4.888059701492537 3.905563117043361 4.609082227528665 5.4030752768125 6.562264307175123
4.939179104477612 3.9509250223155425 4.661565031396644 5.46350331713085 6.63381462356169
4.990298507462686 3.996664238593528 4.714501641562208 5.524534105586372 6.706233510278688
5.041417910447761 4.039072606150819 4.7639107641986 5.583359306764549 6.778524175856832
5.092537313432835 4.080977738976835 4.812703967690309 5.6419909022243875 6.851474956847693
5.14365671641791 4.1232547621844615 4.861796495797927 5.701055487398312 6.925299799681651
5.1947761194029844 4.165912225061165 4.9111861869505535 5.760535881110691 6.999976079073808
5.245895522388059 4.20895897082479 4.960871804758844 5.820415110575255 7.075481144449376
5.2970149253731345 4.252404101062589 5.0108528581684295 5.8806762351893065 7.151792213509668
5.348134328358209 4.296256944411353 5.061129804764198 5.941302517578088 7.228886297563375
5.399253731343284 4.340527023397439 5.111703888734604 6.002277267257316 7.306740098597944
5.450373134328358 4.385224024099821 5.162577282326577 6.0635839699066345 7.385329932109079
5.501492537313433 4.430357765682723 5.213753041333462 6.125206261170474 7.4646316373664785
5.552611940298507 4.475938173798594 5.265235051914988 6.187127864610194 7.54462048120295
5.603731343283583 4.521975252436355 5.317028199237389 6.249332815718232 7.625271093199486
5.654850746268657 4.568479064049787 5.369138116551162 6.311805186307674 7.706557346097894
5.705970149253732 4.615459705674773 5.421571462139194 6.374529456189004 7.788452305182567
5.757089552238806 4.662927216066973 5.474335620501233 6.43749020695796 7.870927988491808
5.808208955223881 4.71089121238771 5.52743832950779 6.500671724740961 7.953954715162909
5.8593283582089555 4.759361154126605 5.580888111716066 6.564058617658722 8.037501480649867
5.91044776119403 4.809350371723275 5.636215502674224 6.628921050882375 8.121626521705265
5.961567164179105 4.863715079657873 5.6978972235293694 6.699173380434321 8.206638909592122
6.012686567164179 4.9224418521749005 5.764268894667575 6.770331671070142 8.27632144859192
6.063805970149254 4.977743762314525 5.826756107126806 6.841175519577912 8.36154371407933
6.114925373134328 5.033469103214162 5.889710064208624 6.912528363886281 8.447336395435379
6.166044776119403 5.089620351170714 5.953133363169955 6.98439232990053 8.533702294801929
6.217164179104477 5.14619870376019 6.017028714537723 7.0567693892286165 8.62064435009916
6.268283582089552 5.203202696069831 6.081399302772734 7.129661932321951 8.708165704693497
6.3194029850746265 5.26062653695934 6.146248617761182 7.20307255514071 8.79626967772421
6.370522388059701 5.318458820395323 6.211580085335379 7.277003798617095 8.884959729429735
6.421641791044776 5.3766832072588535 6.277396820680173 7.351458810860672 8.974239549100185
6.47276119402985 5.435279999642709 6.343700152542262 7.42644110667785 9.064113036512751
6.523880597014925 5.494230127511591 6.410487417554024 7.5019543878267045 9.154584308457311
6.574999999999999 5.5535193765590884 6.477749314271449 7.5780026328708106 9.24565778027408
6.626119402985075 5.613142437024383 6.545467689694445 7.654589289873994 9.337338213883307
6.677238805970149 5.673103778225648 6.6136148879764045 7.731715730011251 9.429630786241738
6.728358208955224 5.7334168095969025 6.682155883130888 7.809378176713606 9.522541072484634
6.779477611940298 5.7941015071366335 6.7510540669725305 7.887564884730078 9.61607505297841
6.830597014925373 5.855181635635351 6.820278294794942 7.966252346923233 9.710238715688886
6.8817164179104475 5.916681630433035 6.889811860470957 8.045405983515565 9.805037470775588
6.932835820895523 5.978624956676349 6.9596538318501535 8.12498158872365 9.900475162609332
6.9839552238805975 6.0410330534016445 7.029819614083261 8.204927854805694 9.996552245053374
7.035074626865672 6.1041007321906 7.099847525602941 8.281461071577226 10.081997174529853
7.086194029850747 6.167742655111672 7.170045711628796 8.356522615804431 10.16260298347415
7.137313432835821 6.231889850297054 7.240688308388523 8.43177923785651 10.24345790067849
7.188432835820896 6.296552050527216 7.311827002178027 8.5072219028319 10.324532014746495
7.23955223880597 6.361736409485593 7.383510563262346 8.582872942913822 10.40576714726943
7.290671641791045 6.427448084559775 7.455781765343044 8.658789757472784 10.48707634101911
7.341791044776119 6.4936891727905985 7.5286722358903715 8.735060759892159 10.568358682920252
7.392910447761194 6.560460686644735 7.602204940640806 8.811793692372875 10.649513787536023
7.4440298507462686 6.627762181406184 7.6763937169822904 8.889102079383347 10.730471850089014
7.495149253731343 6.695592218447167 7.7512448255666895 8.967090674040962 10.81122378754729
7.546268656716418 6.763948416580478 7.826757945528858 9.045843059771073 10.891846366934454
7.597388059701492 6.8328279478938 7.902928119641248 9.125415650655109 10.972506412826297
7.648507462686567 6.90222786837165 7.979747516974754 9.205838259014111 11.053443684991308
7.699626865671641 6.972145174339894 8.057206337561322 9.287117329139532 11.134934302558234
7.750746268656716 7.042576817405628 8.135293803953983 9.369242404070963 11.217247415748416
7.8018656716417905 7.113519694598324 8.21399792678129 9.45218828513998 11.30059420785579
7.852985074626865 7.184971436828079 8.293307998188812 9.535925881323648 11.385112742659848
7.90410447761194 7.256930229689723 8.373214233215625 9.62042387212912 11.47086047832672
7.955223880597014 7.3293948674447895 8.45370826159947 9.705652229373609 11.557827281686638
8.006343283582089 7.40262972064912 8.535466049508504 9.793185457504748 11.649356504727292
8.057462686567165 7.47825869679002 8.62265747602071 9.892773743383534 11.766080511624008
8.10858208955224 7.554426177152572 8.710487796078022 9.993144590671454 11.883999952420943
8.159701492537314 7.631133277149628 8.798955144474315 10.094285433774726 12.003054726981148
8.210820895522389 7.708381508405671 8.888058729345843 10.196186607985648 12.123190265482641
8.261940298507463 7.786172687869072 8.9777986585148 10.298841029370582 12.24435813254028
8.313059701492538 7.864508916289167 9.068175914743264 10.402244380312098 12.366520297051267
8.364179104477612 7.94339250924577 9.159192122811994 10.506394404492443 12.48964768772607
8.415298507462687 8.022825952109486 9.250849411420067 10.611290504109446 12.613719396711142
8.466417910447761 8.102811859704248 9.343150320564547 10.716933494396176 12.738721374250348
8.517537313432836 8.18335294742111 9.436097688877762 10.823325221918726 12.864645140282441
8.56865671641791 8.264452008915493 9.529694562273818 10.930468231205468 12.991486523819136
8.619776119402985 8.346111898396867 9.623944134000732 11.03836553715846 13.119244469521842
8.67089552238806 8.428335516565875 9.718849741059584 11.147020659189666 13.247920147635938
8.722014925373134 8.511125803680669 9.814414805319924 11.256437375172114 13.37751620112807
8.773134328358209 8.594485734808943 9.910642811928303 11.366619632248442 13.508036275787267
8.824253731343283 8.678418316929362 10.007537288234852 11.477571447206453 13.639484636158498
8.875373134328358 8.762926586076189 10.105101816967961 11.589296979015462 13.771865944060535
8.926492537313433 8.848013606957974 10.203340022832071 11.701800467262327 13.905185109999652
8.977611940298507 8.933682472777837 10.30225556805982 11.81508620954303 14.039447206932218
9.028731343283582 9.019936305482267 10.401852147342712 11.929158531899093 14.174657420196251
9.079850746268656 9.10677825642994 10.502133479547746 12.044021733287646 14.310821017026582
9.13097014925373 9.19421150501494 10.603103337899073 12.159680254070844 14.447943350057125
9.182089552238805 9.282239259856686 10.704765534512594 12.276138594720319 14.586029844085417
9.23320895522388 9.370864759284819 10.807123918689298 12.393401304176766 14.725085992821581
9.284328358208954 9.460091271717419 10.910182377416922 12.511472980280859 14.86511735833983
9.335447761194029 9.549922096215006 11.01394483299957 12.630358251637695 15.00612956964965
9.386567164179105 9.640360562795703 11.118415245069608 12.750061784302844 15.148128323751983
9.43768656716418 9.731410032422998 11.223597617987702 12.870588328130317 15.291119390244273
9.488805970149254 9.823073897712215 11.329495995899187 12.991942684850844 15.435108609131552
9.539925373134329 9.915355583336167 11.43611446316468 13.114129708073776 15.580101891452594
9.591044776119404 10.008258546428076 11.543457144888803 13.237154303909522 15.726105219968135
9.642164179104478 10.101786276987628 11.65152820744907 13.361021431601088 15.873124649854738
9.693283582089553 10.195942298426441 11.760331856813222 13.485736087450345 16.02116630808156
9.744402985074627 10.290730168062073 11.869872337945978 13.611303293046195 16.170236393177984
9.795522388059702 10.386153476907932 11.980153945436882 13.737728172814679 16.320341182034518
9.846641791044776 10.482215850477418 12.09118101754427 13.865015910070424 16.471487027041416
9.89776119402985 10.578920949230927 12.202957936302615 13.99317174456388 16.623680356562613
9.948880597014925 10.676272468999962 12.315489128060152 14.12220097314898 16.776927675664105
10.0 10.77427414141416 12.428779064017554 14.25210895045836 16.93123556684974
