Galaxy-bias_vs_z.ecsv
# %ECSV 1.0
# ---
# datatype:
# - {name: Redshift, datatype: float64}
# - {name: Bias_MUV-18, datatype: float64}
# - {name: Bias_MUV-19.1, datatype: float64}
# - {name: Bias_MUV-20, datatype: float64}
# - {name: Bias_MUV-21, datatype: float64}
# meta: !!omap
# - {Description: 'Model galaxy bias as a function of redshift for M_UV < -18, -19.1, -20, -21'}
# schema: astropy-2.0
Redshift Bias_MUV-18 Bias_MUV-19.1 Bias_MUV-20 Bias_MUV-21
3.15 2.5806356985088885 3.144662067555478 3.8015030427278353 4.774479846161429
3.2309701492537313 2.6327427439620297 3.1993098646455764 3.8596627566955446 4.83873728459218
3.3119402985074626 2.685929966282007 3.254634120433933 3.9177746908978865 4.901986702299229
3.392910447761194 2.7402082821757383 3.3107079381394295 3.9759172732773043 4.964345185431061
3.4738805970149254 2.79558628438692 3.3676075814275457 4.034178103668586 5.025930686274933
3.5548507462686567 2.852070417945791 3.4254097786843065 4.0926537931672256 5.08686129748909
3.635820895522388 2.909665297105197 3.4841891416141086 4.151449560082935 5.1472551737813115
3.7167910447761194 2.9683741033339865 3.544015855552926 4.210678408900878 5.207231044602276
3.797761194029851 3.028199016560896 3.6049538071815213 4.27045978634067 5.266909223852132
3.878731343283582 3.087358173718704 3.6712899764183264 4.343065537681032 5.34560244041103
3.9597014925373135 3.1474686091713435 3.7391480648111273 4.4179735054098455 5.427883470593831
4.040671641791045 3.2085677395938106 3.808378755208919 4.494797331023284 5.513138060258631
4.121641791044776 3.270645463748181 3.87895243851912 4.573484276975411 5.601261300287865
4.202611940298508 3.3336932505123253 3.950841982164963 4.653986963344071 5.692157170146086
4.2835820895522385 3.3977039471641857 4.024022400538381 4.7362625690863105 5.785737949088725
4.36455223880597 3.4626713474213284 4.098470295072876 4.820271783526179 5.881923185948337
4.445522388059701 3.5285903812169352 4.174164032253775 4.905978660215417 5.980639612688407
4.526492537313433 3.595457164059118 4.251083758586372 4.993350327304818 6.081820817859803
4.607462686567164 3.6632689360506006 4.329211302656462 5.082356603775931 6.185406734014037
4.688432835820896 3.7320240084454563 4.408530091360367 5.172969672026445 6.291343134325328
4.769402985074627 3.8017217169577773 4.489025077410328 5.26516380066111 6.399581144724166
4.8503731343283585 3.872362381132381 4.570682675884921 5.358915111340831 6.510076776371811
4.931343283582089 3.9439472692032687 4.653490708127471 5.45420138375755 6.622790482102079
5.012313432835821 4.015377188954965 4.736265474245863 5.550177832489904 6.737389310821705
5.093283582089552 4.081592226474194 4.813418499883166 5.642850086221174 6.852546459943286
5.174253731343283 4.148740698363843 4.891322603981302 5.736608023147061 6.9698957033663245
5.255223880597015 4.2168569269222695 4.9699703968125855 5.8313836746931536 7.089347073926076
5.336194029850747 4.285976951418315 5.049359739027763 5.927109821695727 7.210810054442652
5.417164179104478 4.356138200267948 5.129493940883736 6.0237200497243535 7.334192685353456
5.4981343283582085 4.427379176318598 5.210381780449743 6.121148721329182 7.459400676087924
5.57910447761194 4.499739163428906 5.292037579604612 6.219331105120297 7.586336534867332
5.660074626865672 4.573257961278302 5.374481311161225 6.31820366844492 7.714898712157604
5.741044776119403 4.6479756404900145 5.457738535503647 6.417704300059646 7.844980694841201
5.822014925373134 4.723931370855176 5.541839084215028 6.517771197847752 7.9764685025789115
5.902985074626866 4.801450073870124 5.627250863014516 6.618708844569505 8.109264430360275
5.9839552238805975 4.887660945160148 5.725061960467723 6.730105273286022 8.24405343911562
6.0649253731343284 4.978959479256805 5.828129653800395 6.842732532767102 8.363416267440504
6.145895522388059 5.067436770485508 5.9280782006553245 6.956005248834153 8.499591637366274
6.226865671641791 5.15698437356941 6.029208393679686 7.070563308050254 8.637209606370003
6.307835820895523 5.247596473491898 6.131532598478421 7.186415917659202 8.776282565317514
6.388805970149254 5.3392395274881315 6.235064513853767 7.30357336461519 8.916823984309039
6.469776119402985 5.431848416665856 6.339815069125248 7.422048014006258 9.05884855593103
6.550746268656717 5.525347869341429 6.445778559536517 7.541854406248616 9.202372366512646
6.631716417910448 5.619690915164687 6.55290879389465 7.663007496675242 9.347413300896802
6.712686567164179 5.714888163815115 6.661103474647227 7.785512721774232 9.493991613601203
6.79365671641791 5.811002823156818 6.770222813567878 7.909341448957215 9.642130076022486
6.874626865671642 5.908126331236571 6.880150573819825 8.034402530324588 9.791852127848758
6.955597014925374 6.0063538892902235 6.990854102418939 8.160535673090822 9.943175228724796
7.036567164179104 6.105951833092751 7.101891280451874 8.283649637206365 10.08434699956643
7.117537313432836 6.207013206691182 7.21330342949515 8.402643364257617 10.212149987026788
7.1985074626865675 6.309357076799161 7.325909821789873 8.52211347188519 10.340531534121862
7.279477611940299 6.413013577919996 7.439904209263319 8.642138783401986 10.46926953640701
7.360447761194029 6.517996817300663 7.555433531804599 8.763005830718111 10.597997007959762
7.441417910447761 6.624310617412346 7.6725870910677525 8.885136466130128 10.726340396342614
7.522388059701493 6.731950119220862 7.791399115896521 9.008953305595075 10.854191252585043
7.603358208955225 6.840906290168034 7.9118664882964485 9.134764098630292 10.981939554215206
7.684328358208955 6.951167041353747 8.033959096742679 9.262704331790644 11.110473324605953
7.765298507462687 7.0627203100145 8.157636367310358 9.39277250368977 11.240861501804606
7.846268656716418 7.175554595462274 8.282853300362529 9.524879188672362 11.373936161193233
7.92723880597015 7.289661839850002 8.409569842829843 9.658905675986025 11.510069608265372
8.00820895522388 7.405380438124934 8.538636935785963 9.79680607248113 11.653594453636044
8.089179104477612 7.52545242680205 8.677075668061269 9.95495639252167 11.839105590975192
8.170149253731344 7.646877185222649 8.817114376309716 10.115050401263154 12.02752177848398
8.251119402985076 7.769660540197652 8.958749484752236 10.27704866847899 12.218625394972511
8.332089552238806 7.893810256326018 9.101983099325322 10.440928374006953 12.412244491265566
8.413059701492537 8.019335566720663 9.246821766736057 10.60668088571413 12.608266041987441
8.49402985074627 8.146246677919914 9.39327498987699 10.774307412735487 12.806624417875108
8.575 8.274554451173175 9.541354227115145 10.943815888742206 13.007289893896735
8.655970149253731 8.404270180358258 9.691072065803356 11.115217988780088 13.210255619039655
8.736940298507463 8.535405456932805 9.842441894398437 11.28852807161658 13.41552856262141
8.817910447761195 8.66797210140917 9.995477545489248 11.463761741721823 13.623122921902448
8.898880597014925 8.801982130363394 10.150193163094688 11.640935283645115 13.83305651780063
8.979850746268657 8.937447741547873 10.306603175031858 11.820065576313047 14.045348931611317
9.060820895522388 9.074381313285803 10.464722226744904 12.001169751951647 14.260020646243543
9.14179104477612 9.21279540577708 10.624565178238687 12.184265133715538 14.477092708533247
9.22276119402985 9.352702760723684 10.786147165332881 12.36936958132053 14.696586651297114
9.303731343283582 9.494116307270213 10.94948356012683 12.556501268462293 14.918524442681981
9.384701492537314 9.637049166575757 11.114589962925013 12.745678600910999 15.1429284757099
9.465671641791046 9.781514654559262 11.281482227759703 12.936920341144825 15.36982158332353
9.546641791044776 9.927526285846792 11.450176466705374 13.130245623683317 15.599227045517717
9.627611940298507 10.07509777823908 11.620689046790861 13.325673911744833 15.831168591781447
9.70858208955224 10.224243057028188 11.793036590857447 13.523224969747272 16.065670405336952
9.789552238805971 10.374976259406251 11.967235978433433 13.722918822014728 16.302757126538523
9.870522388059701 10.527311736950523 12.143304377587388 13.924775964180194 16.542453876187093
9.951492537313433 10.68126406080358 12.321259233206812 14.12881725857701 16.784786253725013
10.032462686567165 10.836848026007225 12.50111827069421 14.33506392896409 17.02978034356028
10.113432835820896 10.994078655784042 12.682899501349167 14.54353756731214 17.277462722460047
10.194402985074626 11.152971142965962 12.866621155481202 14.754260058762055 17.52786037102247
10.275373134328358 11.31353992565405 13.052300618905745 14.9672523626211 17.78099926260929
10.35634328358209 11.47579884304101 13.239954616386951 15.18253474898408 18.036904606941622
10.437313432835822 11.639761868791908 13.42960005463749 15.400127757312674 18.29560197174651
10.518283582089552 11.805443134707078 13.621254048049238 15.62005221290517 18.55711731876253
10.599253731343284 11.972856933620486 13.814933922368683 15.842329232042387 18.82147700933092
10.680223880597016 12.142017722326836 14.010657218393492 16.066980227182 19.088707810084664
10.761194029850747 12.312940124537604 14.208441695694106 16.29402691219702 19.358836898735053
10.842164179104477 12.485638933866214 14.40830533636365 16.523491307653263 19.63189186996141
10.92313432835821 12.660129116841977 14.610266348799136 16.755395746120403 19.907900741403267
11.004104477611941 12.836425815953417 14.814343171517711 16.989762877512156 20.18689195975833
11.085074626865671 13.014544352720979 15.020554477010919 17.226615674450308 20.468894406988248
11.166044776119403 13.194500230799221 15.228919175639929 17.46597743764761 20.75393740663434
11.247014925373135 13.376309139109047 15.439456419574988 17.707871801304282 21.042050730244856
11.327985074626866 13.559986954999939 15.652185606781767 17.952322738513438 21.33326460391651
11.408955223880598 13.745549747442858 15.867126385057558 18.19935456667026 21.627609714953085
11.489925373134328 13.933013780254003 16.084298656119977 18.448991952879986 21.925117218641926
11.57089552238806 14.122395515349906 16.303722579750637 18.701259919360023 22.22581874515242
11.651865671641792 14.313711616034183 16.525418577996092 18.956183848831227 22.52974640655743
11.732835820895524 14.506978950316633 16.749407339428718 19.213789489894733 22.836932803981224
11.813805970149254 14.7022145942649 16.975709823468954 19.47410296238923 23.147411034875766
11.894776119402986 14.899435835389621 17.204347264771616 19.73715076272637 23.461214700427288
11.975746268656717 15.098660176062983 17.43534117767689 20.002959769209088 23.778377913098414
12.05671641791045 15.299905336887173 17.66871336068806 20.271557275734878 24.098935305245252
12.13768656716418 15.503189260250824 17.904485900804218 20.542970977972473 24.422922036099376
12.218656716417911 15.708530113936506 18.14268117828937 20.817228949608978 24.750373798789358
12.299626865671643 15.915946294611937 18.383321871479662 21.09435966910677 25.081326829208386
12.380597014925375 16.125456431426656 18.62643096158696 21.374392024900594 25.415817914252507
12.461567164179105 16.33707938964607 18.87203173757552 21.65735532056023 25.753884400197304
12.542537313432836 16.55083427432359 19.120147801111937 21.943279279924564 26.095564201229962
12.623507462686568 16.766740433867696 19.37080306962575 22.23219411976636 26.44089580979648
12.7044776119403 16.984817463577752 19.62402177752496 22.524130668316037 26.789918307563774
12.78544776119403 17.205085210189093 19.879828491446474 22.819120019890363 27.142671365479703
12.866417910447762 17.427563775342872 20.138248111575884 23.11719369767723 27.4991952574369
12.947388059701494 17.65227351942388 20.399305876583597 23.418383674705048 27.85953086999045
13.028358208955225 17.879235065453408 20.663027368393312 23.722722393051875 28.223719712097594
13.109328358208955 18.108469302779206 20.929438509279745 24.030242940163106 28.59180392774885
13.190298507462687 18.339997391559265 21.198565581169476 24.34097876585158 28.963826299675894
13.271268656716419 18.573840766711843 21.47043522936023 24.654963736537184 29.33983026081429
13.352238805970151 18.810021141916526 21.745074465699616 24.972232195446693 29.719859905572246
13.433208955223881 19.048560368362242 22.022510488467105 25.29281908623043 30.103959784525088
13.514179104477613 19.289479611691384 22.302769743414597 25.61675880831457 30.492173655948267
13.595149253731345 19.532799886408906 22.585878579036077 25.944085258996434 30.884545290322958
13.676119402985075 19.778542436022498 22.87186365828339 26.27483274471083 31.281119059450237
13.757089552238806 20.026728736953384 23.16075194518868 26.60903623865906 31.681939949785704
13.838059701492538 20.277380501841137 23.452570723401944 26.946731204997242 32.08705356812546
13.91902985074627 20.530519682992075 23.74734762623672 27.287953278522714 32.49650614728457
14.0 20.78616847518888 24.045110611600993 27.632738642001108 32.91034455990188
