MUV-vs-Mhalo_z4.3.ecsv
# %ECSV 1.0
# ---
# datatype:
# - {name: Mhalo, unit: solMass, datatype: float64}
# - {name: MUV_16, unit: mag(AB), datatype: float64}
# - {name: MUV_50, unit: mag(AB), datatype: float64}
# - {name: MUV_84, unit: mag(AB), datatype: float64}
# meta: !!omap
# - {Description: 'MUV vs Mhalo relationship at z~4.3. This includes the log Mhalo range [10,14]'}
# schema: astropy-2.0
Mhalo MUV_16 MUV_50 MUV_84
[from data line 207]
417207637851.8182 -20.501394614675387 -20.165661499347156 -19.5666838920874
424795628787.20685 -20.519128452578762 -20.179924228259793 -19.57728981547955
432521626799.19653 -20.53674753009207 -20.19368948582828 -19.587404213194304
440388141900.4314 -20.554687055718816 -20.20770509991035 -19.597702567172593
448397729754.57324 -20.57279336624549 -20.221752856067468 -19.608128009676708
456552992506.58215 -20.58954547666681 -20.23370468314466 -19.618107483044895
464856579628.10016 -20.60660226718143 -20.24587388485092 -19.628268458731327
473311188778.2007 -20.623969279178272 -20.25826441470139 -19.638614237821166
481919566679.81195 -20.64119850550605 -20.271552058810062 -19.648612539366283
490684510012.0614 -20.658410144918122 -20.28557143319542 -19.658401926035598
499608866318.8594 -20.675934822136774 -20.29984578586043 -19.668369357809006
508695534934.0054 -20.693643926600846 -20.314310678609615 -19.678457724506725
517947467923.1202 -20.709967547553962 -20.328160410325726 -19.687962291836808
527367671042.7116 -20.72658805542043 -20.342262034934457 -19.697639724100807
536959204716.6718 -20.7435108498502 -20.3566201337541 -19.7074931652909
546725185030.55756 -20.75995316356461 -20.370379621033425 -19.71703695966209
556668784743.931 -20.776086276087057 -20.38372595307052 -19.72637711710465
566793234321.1246 -20.792512810638428 -20.397315022385968 -19.73588714926565
577101822980.7499 -20.80918790569893 -20.410993801298517 -19.745550826206646
587597899764.295 -20.825369945558357 -20.42242372431171 -19.755083780051194
598284874624.1573 -20.841846297315822 -20.434061529790007 -19.764790115111225
609166219531.4639 -20.858622313788022 -20.445910998609207 -19.774672984768824
620245469604.0441 -20.87487619342434 -20.45825120099882 -19.783858523459863
631526224254.9044 -20.890750795803715 -20.471040374489988 -19.792495580662784
643012148361.6161 -20.906914118542037 -20.48406215190236 -19.801289724902993
654706973456.946 -20.923315738701955 -20.49725171365013 -19.81025150093855
666614498941.1548 -20.938852644645944 -20.509238719174512 -19.819536864918543
678738593316.3414 -20.954672129073092 -20.521443739138252 -19.828991107057327
691083195443.2375 -20.970779331397868 -20.533870738693086 -19.838617298837345
703652315820.862 -20.98655154791207 -20.545193951566105 -19.846527959721072
716450037889.4364 -21.002069165107724 -20.555576442347128 -19.85295226181334
729480519357.0234 -21.017869009971175 -20.56614776535169 -19.859493406316005
742747993550.2684 -21.033887810419692 -20.57689126994115 -19.86617276754146
756256770789.719 -21.048133471396472 -20.58722400159767 -19.873554556456384
770011239790.1567 -21.062638226254943 -20.597744660480426 -19.881070602135303
784015869086.3978 -21.077406787281852 -20.608456664528024 -19.888723346381816
798275208485.0245 -21.092073760544604 -20.619046194047563 -19.897501044811037
812793890542.5215 -21.106670186632012 -20.629539210758566 -19.907336580855066
827576632070.2974 -21.121532086164283 -20.64022306989062 -19.917351001347935
842628235667.0638 -21.136630620738366 -20.65107424292718 -19.927479980443863
857953591279.118 -21.150213976076017 -20.66068743049536 -19.934200539878386
873557677788.9685 -21.164044379568647 -20.670475458535073 -19.94104332992291
889445564632.8717 -21.178126324420578 -20.680441506968716 -19.948010573654567
905622413447.7848 -21.191802915593932 -20.691380027579914 -19.955555970768515
922093479748.2712 -21.205091480465903 -20.70327916275744 -19.963673179508625
938864114633.9095 -21.21862173197217 -20.7153947142267 -19.971938020508436
955939766527.7373 -21.232392264046887 -20.727717720598427 -19.98034718345636
973325982946.3503 -21.245224813932253 -20.737622927754256 -19.98768119158367
991028412302.158 -21.25829075664981 -20.747708286506775 -19.995148587458807
1009052805738.436 -21.271594337046803 -20.757977073374818 -20.002751797080077
1027405018997.7513 -21.28478880001949 -20.76793299926241 -20.009947437214006
1046091014324.3677 -21.297866193322918 -20.777561881282296 -20.016718816662898
1065116862401.2529 -21.31118143256405 -20.787365889217565 -20.023613351014088
1084488744322.3142 -21.324738843581297 -20.797348208182147 -20.030633280155342
1104212953600.5046 -21.337024694467935 -20.805373002526068 -20.03718110548154
1124295898212.4565 -21.34952035833234 -20.813524533963083 -20.04384263226013
1144744102680.2778 -21.362243287892607 -20.821824321906067 -20.050625315988462
1165564210191.2595 -21.374795194291224 -20.830754305702733 -20.057161637950088
1186762984756.0867 -21.38714301997289 -20.840361610904697 -20.063419603800117
1208347313406.3267 -21.399715422533895 -20.850143649592273 -20.069791386809364
1230324208431.885 -21.41251648648078 -20.86010359974205 -20.076279057034785
1252700809659.1287 -21.425710743565602 -20.870102987114254 -20.08311031485012
1275484386770.4941 -21.439148705177008 -20.880280940301926 -20.090071067898645
1298682341666.233 -21.452831070585574 -20.89064400567241 -20.097158420094072
1322302210869.1375 -21.465731447201634 -20.900180633501048 -20.10367575228858
1346351667972.9958 -21.477696258439035 -20.908738591104292 -20.109518213262525
1370838526135.5808 -21.48987868045576 -20.917452197115736 -20.115466934373842
1395770740616.9773 -21.502282671061952 -20.92632428240088 -20.12152384823566
1421156411364.079 -21.5140872498738 -20.93637976117688 -20.130047302312583
1447003785642.0884 -21.526075191219054 -20.946656941545502 -20.1388152729115
1473321260713.8774 -21.538281164023967 -20.95712103879772 -20.147742711543575
1500117386568.0872 -21.550791991467964 -20.96678497672117 -20.155988827501268
1527400868696.812 -21.563629756925305 -20.97543649849754 -20.16337282427497
1555180570923.8662 -21.57670101007339 -20.98424537038656 -20.170891117968246
1583465518284.4277 -21.59000999748471 -20.993214454203606 -20.178546151115018
1612264899957.0862 -21.601426780160786 -21.001101610465994 -20.184597656975505
1641588072249.2185 -21.612937861172487 -21.009066093353304 -20.19066667188105
1671444561636.6287 -21.624658300715637 -21.017175430788974 -20.19684606738827
1701844067858.5356 -21.63606681747135 -21.024926874051026 -20.20270949441282
1732796467068.787 -21.647017006472986 -21.032178463510657 -20.208136400161987
1764311815044.419 -21.65816635274632 -21.039561941723264 -20.213662008110965
1796400350452.563 -21.669518478477126 -21.04707970742408 -20.219288113412397
1829072498176.7725 -21.679219266807145 -21.057118547422995 -20.22493125552861
1862338872703.8455 -21.68896889820048 -21.067503721901286 -20.230671175209984
1896210281572.2466 -21.69889585164625 -21.078077777413032 -20.236515490052327
1930697728883.2456 -21.709270395218216 -21.08744231614869 -20.242674481435678
1965812418875.9177 -21.72019167741898 -21.095097596968202 -20.249224889120303
2001565759567.1692 -21.731311591147133 -21.102892108703443 -20.25589443276895
2037969366457.9287 -21.742633749026435 -21.110828383625705 -20.26268527917469
2075035066306.8252 -21.752505469971034 -21.11821699669487 -20.26913862293966
2112774900972.4172 -21.762416419489657 -21.125681369456622 -20.275670283966523
2151201131325.3462 -21.772507625044565 -21.133281500981436 -20.28232074000136
2190326241231.6418 -21.782819577966144 -21.14085445884173 -20.289755070382576
2230162941608.428 -21.793371862576475 -21.148330546661597 -20.298264889644695
2270724174553.485 -21.804116067546616 -21.155942606312905 -20.306929481795816
2312023117549.824 -21.81505568344054 -21.163693110792146 -20.315751661777878
2354073187746.785 -21.82467068551858 -21.169952031388412 -20.32209879818891
2396888046318.9775 -21.834306328100354 -21.176159522641065 -20.32829458025548
2440481602904.5107 -21.844117219555674 -21.182479913042926 -20.334603048509674
2484868020123.9375 -21.853969608630862 -21.188899315880096 -20.340195766216965
2530061718181.3887 -21.863795605802096 -21.195411541544235 -20.344643411418648
2576077379549.393 -21.873800313933298 -21.20204220873443 -20.349171948455503
2622929953738.8984 -21.883986983341625 -21.208793471613603 -20.35378284855302
2670634662156.0625 -21.894289236332245 -21.21514712224197 -20.361951512020465
2719207003047.3203 -21.904770621313215 -21.22155478986129 -20.370679552492042
2768662756534.501 -21.915442637162393 -21.228078997350455 -20.379566334765
2819017989741.41 -21.92599999317522 -21.235294018193265 -20.38802760716219
2870289062013.708 -21.936258428392886 -21.24355000309271 -20.395709202705046
2922492630233.727 -21.9467034395655 -21.251956144252247 -20.403530507764366
2975645654231.8877 -21.957338420055322 -21.26051517264857 -20.411494063316027
3029765402296.6626 -21.96650480837377 -21.26660896504515 -20.416442755287516
3084869456784.6265 -21.97561219076759 -21.272457640992034 -20.421052329586338
3140975719832.603 -21.984885214268566 -21.278412690111512 -20.425745740816275
3198102419173.6895 -21.99398451534285 -21.284813665281447 -20.43198003828681
3256268114059.0586 -22.00267231005777 -21.29190004062759 -20.44078069230393
3315491701287.467 -22.011518114601763 -21.299115299884306 -20.449741408786
3375792421344.4214 -22.020524802788835 -21.306461787136083 -20.458865098879457
3437189864653.0054 -22.029023394228453 -21.31331337646854 -20.465296912165748
3499703977938.391 -22.037573133311913 -21.320192837744344 -20.47140582458381
3563355070708.1216 -22.04627837132871 -21.327197419667677 -20.477625843242148
3628163821850.1797 -22.05597017539655 -21.33426321125004 -20.483750413495535
3694151286351.207 -22.067318963052077 -21.341339184907834 -20.4896134867843
3761338902136.763 -22.078874157518133 -21.34854385329483 -20.49558319509824
3829748497036.0674 -22.090639512831956 -21.355879557054756 -20.501661477868797
3899402295873.413 -22.09999976842389 -21.36307988856214 -20.50756661916863
3970322927688.4766 -22.109078171992863 -21.370364779307657 -20.51353019142719
4042533433088.1074 -22.118321689614742 -21.377782164475438 -20.51960222654245
4116057271731.668 -22.12798499490403 -21.385891721619593 -20.52613770337663
4190918329952.595 -22.138301822463724 -21.395206686461588 -20.53346218992018
4267140928518.5625 -22.148806287992866 -21.404691067829962 -20.540919891037134
4344749830532.78 -22.159501804169178 -21.414347946998763 -20.548513229576184
4423770249479.001 -22.169505870694262 -21.421236680593566 -20.554346959459036
4504227857412.85 -22.179521851889724 -21.427685737715425 -20.55992258458821
4586148793302.123 -22.1897199993919 -21.434252087481383 -20.56559961676055
4669559671518.787 -22.199412275977824 -21.440857613849726 -20.571373868023063
4754487590485.443 -22.207885607086183 -21.447421326344614 -20.577240964980685
4840960141478.949 -22.216513047452878 -21.454104416785622 -20.583214770144227
4929005417594.356 -22.22529739995003 -21.46090905636688 -20.589297224276095
5018652022871.683 -22.233920555680008 -21.4677380912079 -20.59508029204941
5109929081588.775 -22.24263254538419 -21.47467027785737 -20.60088167337392
5202866247723.196 -22.251502984965384 -21.48172854410052 -20.606788567697016
5297493714586.075 -22.260745132916625 -21.488847558539405 -20.61295065570456
5393842224631.413 -22.270607286697363 -21.495950785237667 -20.619542226389626
5491943079443.56 -22.28064880903875 -21.503183202331574 -20.626253681693456
5591828149906.458 -22.29087296221809 -21.510547159479806 -20.63308720202532
5693529886557.817 -22.299746047956933 -21.51932347972984 -20.638616610786
5797081330131.604 -22.308423184289296 -21.52855663179715 -20.643914509726685
5902516122292.271 -22.317258136600714 -21.537957712415707 -20.64930876454749
6009868516564.226 -22.326125382094602 -21.546478911432338 -20.654967789581498
6119173389460.067 -22.334859908539396 -21.55274883610506 -20.6611113584318
6230466251811.226 -22.34375329474963 -21.559132795438863 -20.66736666383848
6343783260304.706 -22.352808429997577 -21.565632863446528 -20.67373573801739
6459161229229.521 -22.361584090766765 -21.572382146090487 -20.67857594159646
6576637642437.026 -22.370406626374887 -21.57928742923416 -20.683086735231548
6696250665518.527 -22.37938962242081 -21.586318302662256 -20.68767956921803
6818039158204.492 -22.38898824624203 -21.59335644372757 -20.692994309434226
6942042686989.283 -22.399867088454158 -21.600227735982706 -20.699966386214232
7068301537985.355 -22.410943790313624 -21.607224000310772 -20.70706526809224
7196856730011.528 -22.422221950405586 -21.61434750964945 -20.714293261344192
7327750027919.019 -22.4308218671175 -21.620953269640673 -20.71986011643748
7461023956159.979 -22.43878272893751 -21.62750059202329 -20.72503367501194
7596721812602.788 -22.446888379447486 -21.6341669942558 -20.730301328018058
7734887682598.612 -22.455107994498047 -21.64077266903739 -20.735431205453974
7875566453303.797 -22.46338961209688 -21.64702262068005 -20.740043561616304
8018803828262.751 -22.471821852152182 -21.653386243723016 -20.744739805305073
8164646342256.057 -22.480407454119636 -21.659865605572236 -20.749521462230103
8313141376418.632 -22.488058199007288 -21.66563469875867 -20.75481661314078
8464337173632.891 -22.495522165617704 -21.671261328226812 -20.760335490278237
8618282854201.691 -22.503121883604273 -21.676990292382833 -20.765954742351084
8775028431806.684 -22.51121003571705 -21.682894489209776 -20.771367561050884
8934624829756.56 -22.52042692059614 -21.68910518095143 -20.77601374276784
9097123897530.988 -22.529811438165932 -21.695428830051394 -20.7807444272157
9262578427625.44 -22.539366637256855 -21.701867490928937 -20.78556115129336
9431042172702.205 -22.548442743218956 -21.708205859306968 -20.790985835655086
9602569863053.719 -22.55747341714401 -21.714589413307717 -20.796676957385476
9777217224383.107 -22.566668337035978 -21.72108906861031 -20.80247158676094
9955040995908.344 -22.5759937703467 -21.727632154215968 -20.808037563348663
10136098948795.594 -22.58537823217675 -21.734069041379573 -20.812698830353312
10320449904927.852 -22.594933374514156 -21.74062299984537 -20.81744487445351
10508153756014.92 -22.604662301621698 -21.74729615885526 -20.822277237538177
10699271483050.951 -22.61386715164398 -21.753836361808375 -20.826405572714787
10893865176125.88 -22.622996171682733 -21.76040726850798 -20.83033420959349
11091998054597.174 -22.632291226364714 -21.76709768399877 -20.83433429880988
11293734487628.502 -22.641532428540874 -21.77375169190406 -20.838648755990455
11499140015101.727 -22.650218595033905 -21.780013875773697 -20.843825485877982
11708281368909.703 -22.659062741742616 -21.786389953518054 -20.849096367875628
11921226494635.855 -22.668067741942416 -21.792881996589358 -20.854463114380994
12138044573628.314 -22.67684300870919 -21.7986374911397 -20.859622129011864
12358806045475.502 -22.685631305869776 -21.804179345406865 -20.864761244560846
12583582630890.275 -22.694579440754175 -21.80982199250745 -20.869993828106725
12812447355010.746 -22.70348139220949 -21.815433312926626 -20.87519521755419
13045474571124.408 -22.711812922292097 -21.820677164382207 -20.880048288778763
13282739984823.986 -22.720295982617706 -21.826016388725776 -20.884989625550556
13524320678602.576 -22.72893332915242 -21.831452720557905 -20.890020833204932
13770295136896.11 -22.737468547480898 -21.836503242948183 -20.895302369863074
14020743271581.281 -22.746055590972183 -21.841452269595344 -20.90074332359293
14275746447937.217 -22.754798811873137 -21.84649130698519 -20.906283235021153
14535387511079.326 -22.763523158552182 -21.85153655555362 -20.9118010463075
14799750812873.924 -22.77173010422166 -21.856348864572176 -20.916952295008524
15068922239342.416 -22.780086314247058 -21.861248697772695 -20.922197232378945
15342989238563.602 -22.788594503383507 -21.866237647006898 -20.927537562387492
15622040849084.062 -22.797411723587743 -21.871396384151833 -20.93178948071575
15906167728844.646 -22.806455098579065 -21.87668265492081 -20.935613196433714
16195462184633.38 -22.81566295053877 -21.882065070081786 -20.93950645622895
16490018202074.04 -22.825043443017663 -21.88747699621764 -20.94329791798054
16789931476159.816 -22.83461594163066 -21.89270444527746 -20.946444236216827
17095299442342.994 -22.84436254068218 -21.89802696890563 -20.949647778319818
