MUV-vs-Mhalo_z4.3.ecsv
# %ECSV 1.0
# ---
# datatype:
# - {name: Mhalo, unit: solMass, datatype: float64}
# - {name: MUV_16, unit: mag(AB), datatype: float64}
# - {name: MUV_50, unit: mag(AB), datatype: float64}
# - {name: MUV_84, unit: mag(AB), datatype: float64}
# meta: !!omap
# - {Description: 'MUV vs Mhalo relationship at z~4.3. This includes the log Mhalo range [10,14]'}
# schema: astropy-2.0
Mhalo MUV_16 MUV_50 MUV_84
[from data line 415]
17722798085608.84 -22.863795121411812 -21.909730471543632 -20.95783427283307
18045132623671.844 -22.87320575675722 -21.916477603040022 -20.963578154075815
18373329642023.03 -22.88278754864249 -21.923347448427506 -20.969426502530688
18707495764902.344 -22.89200743177665 -21.930183181134066 -20.975316951306414
19047739555785.0 -22.898969063015752 -21.93642357902853 -20.981023757336594
19394171552651.45 -22.90605730937391 -21.942777474563886 -20.986834356271068
19746904303898.83 -22.9132744736718 -21.949246931985822 -20.99275063585001
20106052404905.613 -22.92148297747854 -21.95502904058582 -20.99776600783572
20471732535260.9 -22.930257698914303 -21.960526079349613 -21.0023837187157
20844063496671.613 -22.93919201116451 -21.96612309586196 -21.00708541451139
21223166251558.344 -22.94833693280623 -21.971814184777553 -21.011624871590982
21609163962353.535 -22.957887551097947 -21.977570356046463 -21.01501435094383
22002182031514.44 -22.96761187187843 -21.98343121805315 -21.018465476671935
22402348142263.35 -22.977513054372935 -21.98939867486718 -21.021979369972748
22809792300069.715 -22.986171685842915 -21.995516860897727 -21.025066230565134
23224646874885.77 -22.994254095750385 -22.00176808367259 -21.027956037315505
23647046644150.848 -23.002483505011533 -22.00813300096656 -21.03089840261332
24077128836577.68 -23.010954814823364 -22.01443059472341 -21.033977555694154
24515033176735.098 -23.020087922905844 -22.019834813509224 -21.037571142125287
24960901930441.586 -23.02938713998311 -22.025337321874225 -21.041230087142388
25414879950984.414 -23.038855487173272 -22.030939907466504 -21.044955579458975
25877114726179.387 -23.04736598150065 -22.03646662788075 -21.04834434534248
26347756426286.52 -23.05541195358408 -22.041996446479594 -21.051573074809024
26826957952797.273 -23.063604262305905 -22.047626839012363 -21.054860527001864
27314874988108.547 -23.072003180038767 -22.05344829357755 -21.058796733408094
27811666046101.254 -23.08090849586752 -22.05991985573002 -21.066419860959435
28317492523637.664 -23.089975777704694 -22.066509119838294 -21.074181634636858
28832518752995.95 -23.099207971317554 -22.073218226614312 -21.082084576075758
29356912055258.344 -23.108195227498474 -22.07897811375537 -21.087445996963453
29890842794669.74 -23.117105776136484 -22.084219592230966 -21.09134285170489
30434484433986.13 -23.126178385954976 -22.089556400435818 -21.095310580744332
30988013590828.5 -23.135371757803718 -22.094931973252717 -21.0994936475988
31551610095062.254 -23.144426669982984 -22.10000257393601 -21.104741872298085
32125457047220.125 -23.153646268963982 -22.10516539649765 -21.11008554942401
32709740877987.633 -23.16303354999859 -22.110422118229014 -21.115526415023762
33304651408770.48 -23.17189016543573 -22.115678996152198 -21.12001122606677
33910381913363.465 -23.18047516415348 -22.120972599627226 -21.12392676139469
34527129180741.06 -23.18921630309145 -22.126362480858315 -21.127913510774984
35155093578989.945 -23.197978857751885 -22.1318314307434 -21.131974116262764
35794479120404.516 -23.205819012659866 -22.13725074983246 -21.136119165507488
36445493527765.52 -23.213801760893027 -22.142768633138456 -21.140339603103815
37108348301825.71 -23.221929695876714 -22.148386873304464 -21.14463680018228
37783258790021.3 -23.230524415475255 -22.15428140820713 -21.14827886585263
38470444256433.95 -23.239483948640824 -22.160396964593986 -21.151507835524633
39170127953025.2 -23.248606433896143 -22.166623748058722 -21.15479553229168
39882537192165.586 -23.257745657850727 -22.172828673479398 -21.15810755602322
40607903420484.586 -23.26569633929172 -22.177919457487256 -21.161157710029045
41346462294062.1 -23.273791624266373 -22.18310283045898 -21.164263338908405
42098453754988.24 -23.282034142760825 -22.18838047636235 -21.167425451614154
42864122109315.42 -23.290792886503628 -22.194099410705586 -21.170818427673325
43643716106428.195 -23.299964477731006 -22.2001613614803 -21.174393100909775
44437489019856.68 -23.30930287786786 -22.206333564377356 -21.178032788747235
45245698729559.71 -23.318791522036904 -22.21252457734453 -21.181899361732036
46068607805704.586 -23.32824329179846 -22.217829527550638 -21.18755351680378
46906483593970.52 -23.33786696623474 -22.223230961882212 -21.19331050718711
47759598302403.8 -23.347665671873138 -22.228730635150537 -21.199172203205908
48628229089851.555 -23.357644446967996 -22.233721006221078 -21.204996717448296
49512658156006.02 -23.367806070290598 -22.238355832875442 -21.210821843990377
50413172833084.42 -23.378152508795534 -22.24307495573978 -21.216752915398725
51330065679177.266 -23.38858590633069 -22.24792054635481 -21.222582246634556
52263634573294.516 -23.39790339052979 -22.25337848806771 -21.225813676281778
53214182812139.266 -23.407390337076237 -22.25893569644902 -21.229103877765006
54182019208643.695 -23.417049828077456 -22.264593976917695 -21.23245392000081
55167458192294.96 -23.426300780809356 -22.271226023022486 -21.237445067465032
56170819911286.91 -23.435267382127297 -22.278653353109807 -21.243751175267732
57192430336529.36 -23.44439706408746 -22.28621576824415 -21.25017197581453
58232621367549.19 -23.453774692523517 -22.29383583150108 -21.256634644081064
59291730940317.42 -23.46464515244648 -22.30030459685874 -21.262005411526314
60370103137037.44 -23.475713319563354 -22.30689101330531 -21.267473860152332
61468088297929.96 -23.48698278968654 -22.3135972206276 -21.27304176654192
62586043135051.195 -23.496552021448394 -22.31957380149516 -21.277505004658405
63724330848181.2 -23.504734799707386 -22.324961564938924 -21.28106167292561
64883321242818.82 -23.513066402775948 -22.330447318679276 -21.284683028327283
66063390850325.11 -23.521512905318144 -22.336084169025025 -21.28848569550458
67264923050249.38 -23.529330352939304 -22.342920123544705 -21.294824172668914
68488308194881.35 -23.5372899808954 -22.349880407429964 -21.30127793129721
69733943736068.555 -23.545394375100482 -22.3569672819292 -21.307849068078557
71002234354338.9 -23.553405725953727 -22.363335151186494 -21.314586001716133
72293592090374.45 -23.561354635250073 -22.369084820123643 -21.321485531226728
73608436478873.6 -23.569448115849085 -22.37493906153699 -21.32851054637717
74947194684849.22 -23.577694513786785 -22.380932527314513 -21.335638287472687
76310301642405.52 -23.58626899485047 -22.38805532167861 -21.34211548464125
77698200196038.92 -23.59499942484386 -22.395307662326534 -21.348710486252838
79111341244508.8 -23.60388864009821 -22.40269190538972 -21.355425434883387
80550183887324.9 -23.612646410049425 -22.409850432075984 -21.360760479964448
82015195573899.05 -23.621295332906207 -22.416809829318176 -21.364818575354757
83506852255409.55 -23.630101558607628 -22.423895801048456 -21.368950477617815
85025638539427.89 -23.639058136313288 -22.431061511830954 -21.373146132382374
86572047847356.14 -23.647626470626026 -22.435597429250663 -21.37677792581842
88146582574731.12 -23.656350642074035 -22.44021584396223 -21.38047577273281
89749754254440.66 -23.66523348495531 -22.444918256390487 -21.384240874477463
91382083722910.12 -23.673992760660635 -22.450447114644607 -21.389868889359068
93044101289311.45 -23.682635789506435 -22.4567925872648 -21.39733348475003
94736346907847.9 -23.691436013999166 -22.463253468579257 -21.40493384295313
96459370353175.88 -23.700394115052166 -22.46983371603671 -21.412658282388545
98213731399013.6 -23.708956890779024 -22.477009967090755 -21.416896326595367
100000000000000.0 -23.717675402544018 -22.48431673667564 -21.42121145050569
