MUV-vs-Mhalo_z5.4.ecsv
# %ECSV 1.0
# ---
# datatype:
# - {name: Mhalo, unit: solMass, datatype: float64}
# - {name: MUV_16, unit: mag(AB), datatype: float64}
# - {name: MUV_50, unit: mag(AB), datatype: float64}
# - {name: MUV_84, unit: mag(AB), datatype: float64}
# meta: !!omap
# - {Description: 'MUV vs Mhalo relationship at z~5.4. This includes the log Mhalo range [10,14]'}
# schema: astropy-2.0
Mhalo MUV_16 MUV_50 MUV_84
[from data line 207]
417207637851.8182 -20.86465115521999 -20.446726822689165 -19.978937753101192
424795628787.20685 -20.883110458184593 -20.462310841709066 -19.990674099992905
432521626799.19653 -20.901415054224962 -20.478157998321713 -20.002584477883484
440388141900.4314 -20.92005256629138 -20.494293376121654 -20.014711476543365
448397729754.57324 -20.938876728695636 -20.51041088762817 -20.02690211220893
456552992506.58215 -20.956435437907174 -20.523535301587803 -20.037658060611466
464856579628.10016 -20.974313497279756 -20.536898416676376 -20.04860963352223
473311188778.2007 -20.99251671501511 -20.550504574286133 -20.05976038887462
481919566679.81195 -21.009599800449017 -20.56477339001343 -20.07061940039029
490684510012.0614 -21.025934908238376 -20.57960461245761 -20.081315129372086
499608866318.8594 -21.04256711185866 -20.594705578720593 -20.092205387617486
508695534934.0054 -21.059392320339647 -20.60997607670861 -20.103220872287643
517947467923.1202 -21.07513140310655 -20.62418781433736 -20.11351058774814
527367671042.7116 -21.091156741460676 -20.638658028864715 -20.12398744807503
536959204716.6718 -21.107473541694056 -20.653391421355995 -20.134654856977686
546725185030.55756 -21.12440858686861 -20.667892595918335 -20.1449374035638
556668784743.931 -21.141899703599027 -20.68227155713007 -20.154960287760197
566793234321.1246 -21.15970894114785 -20.696912036630145 -20.16516546381208
577101822980.7499 -21.177698369312406 -20.711705711226298 -20.175514942561364
587597899764.295 -21.193735095527185 -20.724974572461154 -20.185397404234784
598284874624.1573 -21.210063490738673 -20.738484761969122 -20.195459603819963
609166219531.4639 -21.22668885969564 -20.752240668923804 -20.205704810311815
620245469604.0441 -21.242955007439612 -20.766024217963334 -20.215499768712757
631526224254.9044 -21.2589772476026 -20.779876898101637 -20.224953530470167
643012148361.6161 -21.275290893296294 -20.79398152475717 -20.234579233131846
654706973456.946 -21.291831989954883 -20.808253120912013 -20.244355212891048
666614498941.1548 -21.30722721597858 -20.82091340683513 -20.253791115109617
678738593316.3414 -21.322902443672707 -20.833803952528456 -20.263398633410937
691083195443.2375 -21.338862765585784 -20.846928945856483 -20.27318088907363
703652315820.862 -21.354172903280883 -20.859665312838267 -20.282506529455063
716450037889.4364 -21.368950551599344 -20.872092381938515 -20.29145463703818
729480519357.0234 -21.383996969353724 -20.884745469162908 -20.300565488907516
742747993550.2684 -21.399293656857076 -20.897608210811754 -20.309788083456638
756256770789.719 -21.41416270009298 -20.910086971648134 -20.317549842968493
770011239790.1567 -21.429302175015785 -20.922792690755458 -20.325452769984185
784015869086.3978 -21.44471700011931 -20.93572949595198 -20.333499431996838
798275208485.0245 -21.459499092297143 -20.94794473520242 -20.341667653249488
812793890542.5215 -21.47371806360588 -20.959510292933537 -20.349961846972462
827576632070.2974 -21.488195643376237 -20.971286199994978 -20.35840689188098
842628235667.0638 -21.502923598872407 -20.983281930270895 -20.36702648255151
857953591279.118 -21.517231708097864 -20.995796099312685 -20.376916634277695
873557677788.9685 -21.53180004698658 -21.008537870614447 -20.38698666377897
889445564632.8717 -21.546633348482402 -21.021511383707026 -20.397239842594026
905622413447.7848 -21.561161525690064 -21.033990677671806 -20.40573504924824
922093479748.2712 -21.575400496550454 -21.045994029163875 -20.412512917791865
938864114633.9095 -21.589898439615606 -21.05821569238865 -20.419414059258624
955939766527.7373 -21.60465503557687 -21.070650732635617 -20.426454116533073
973325982946.3503 -21.618649797053713 -21.081487776479822 -20.43636725171078
991028412302.158 -21.63289908916134 -21.092521919760845 -20.446460682676598
1009052805738.436 -21.647407541192084 -21.10375674723746 -20.456737688571838
1027405018997.7513 -21.66093277491932 -21.115522236522665 -20.466175297037513
1046091014324.3677 -21.67343570973521 -21.12783358603135 -20.474740796080194
1065116862401.2529 -21.68616604248786 -21.140368849006613 -20.483462080691492
1084488744322.3142 -21.699127908991972 -21.153132097889127 -20.49234198423152
1104212953600.5046 -21.711460790887784 -21.162950670828675 -20.500953858499773
1124295898212.4565 -21.72401021039988 -21.172919283870755 -20.509718503488095
1144744102680.2778 -21.736787873292155 -21.183069201708186 -20.518642556024815
1165564210191.2595 -21.749428808219214 -21.19322423710332 -20.527342595227612
1186762984756.0867 -21.761903059438115 -21.20337112641572 -20.535785798052775
1208347313406.3267 -21.774604186909002 -21.213702562934692 -20.544382562176175
1230324208431.885 -21.787536316958402 -21.224221903124505 -20.55313568050387
1252700809659.1287 -21.799758103920535 -21.23306809735747 -20.55994883106664
1275484386770.4941 -21.8121801652191 -21.2420317817252 -20.566837032397473
1298682341666.233 -21.82482815356209 -21.251158493682933 -20.573850513336147
1322302210869.1375 -21.83737067758781 -21.260659375923414 -20.581118750623563
1346351667972.9958 -21.849760464428158 -21.270569376248783 -20.588663572986793
1370838526135.5808 -21.862375591319132 -21.280659615346927 -20.59634561729542
1395770740616.9773 -21.8752201566475 -21.290933371322197 -20.60416737928247
1421156411364.079 -21.88715602376071 -21.301728604733405 -20.611742732447897
1447003785642.0884 -21.899265590143678 -21.312732886176086 -20.619441101185924
1473321260713.8774 -21.911595400049556 -21.32393730870024 -20.627279484503983
1500117386568.0872 -21.92329471956509 -21.333970136126084 -20.635442772149613
1527400868696.812 -21.934181471348083 -21.342535528081008 -20.643973269951474
1555180570923.8662 -21.94526622663425 -21.351256703656883 -20.652658916734612
1583465518284.4277 -21.956552586625126 -21.360136496178402 -20.66150253428118
1612264899957.0862 -21.967181462183863 -21.368882164342395 -20.66893621679018
1641588072249.2185 -21.977957832389944 -21.37777119497724 -20.676421679904887
1671444561636.6287 -21.988930198527115 -21.38682189543248 -20.684043285364815
1701844067858.5356 -22.000265696392553 -21.39611148333305 -20.691527852328697
1732796467068.787 -22.012014770013455 -21.405664210891313 -20.698799008146985
1764311815044.419 -22.02397753067181 -21.41539067930076 -20.706202408582662
1796400350452.563 -22.03615786481445 -21.425294048484375 -20.71374045884327
1829072498176.7725 -22.04687414114875 -21.434382184934154 -20.720887371562405
1862338872703.8455 -22.05766955731513 -21.443567253570176 -20.72812799091285
1896210281572.2466 -22.06866131581224 -21.45291937623692 -20.735500299496692
1930697728883.2456 -22.07944307994883 -21.461765380445332 -20.743005384965855
1965812418875.9177 -22.08987133441134 -21.469865609335287 -20.75064521662966
2001565759567.1692 -22.10048925342732 -21.47811316166282 -20.758423998226675
2037969366457.9287 -22.1113002865331 -21.48651071688249 -20.766344256917805
2075035066306.8252 -22.12185858132574 -21.495936431301583 -20.774542444652496
2112774900972.4172 -22.132570839080298 -21.505607736028168 -20.78290107863877
2151201131325.3462 -22.14347792671658 -21.515454938235862 -20.791411735822045
2190326241231.6418 -22.15396570990462 -21.524317253883567 -20.798552844385778
2230162941608.428 -22.163768133048542 -21.531689772771102 -20.803661730175275
2270724174553.485 -22.17374883839828 -21.539196379823412 -20.808863534155964
2312023117549.824 -22.183911068473 -21.54683951377768 -20.814159946283468
2354073187746.785 -22.194965052218766 -21.555563968403618 -20.82015139471733
2396888046318.9775 -22.206291643781043 -21.564542490396303 -20.826312420592355
2440481602904.5107 -22.217824238460967 -21.57368430983926 -20.832585500524523
2484868020123.9375 -22.229003525134267 -21.58213721734417 -20.839267897538775
2530061718181.3887 -22.239540829676272 -21.58946000095684 -20.846515045833836
2576077379549.393 -22.25026978212712 -21.596915968170755 -20.853894002107904
2622929953738.8984 -22.261193868095567 -21.60450754127129 -20.86140716362713
2670634662156.0625 -22.269909549313738 -21.612941076323317 -20.866259485464322
2719207003047.3203 -22.278499095649547 -21.62161123584418 -20.870869240452
2768662756534.501 -22.287244864915674 -21.630439084452885 -20.87556283565708
2819017989741.41 -22.296073197131236 -21.638832983198814 -20.88065878403897
2870289062013.708 -22.30494045605365 -21.646434264203574 -20.886351435096945
2922492630233.727 -22.313968988822037 -21.654173793998932 -20.89214762161474
2975645654231.8877 -22.323161728614913 -21.662054086993724 -20.898049226650237
3029765402296.6626 -22.332798171204743 -21.669219264969087 -20.904395803666038
3084869456784.6265 -22.34264743022787 -21.676398174672922 -20.910903664181404
3140975719832.603 -22.352675823287406 -21.683707651261965 -20.9175298868314
3198102419173.6895 -22.362634798107255 -21.690674506646403 -20.92396430699634
3256268114059.0586 -22.372350530979944 -21.696966614574794 -20.929989410680385
3315491701287.467 -22.382242969373532 -21.703373160623663 -20.93612409632792
3375792421344.4214 -22.39231532713112 -21.709896226143737 -20.942370356968006
3437189864653.0054 -22.401347237722966 -21.71789064612751 -20.94931957072343
3499703977938.391 -22.410355072110942 -21.726238677560712 -20.956485887375873
3563355070708.1216 -22.419526737070274 -21.734738539356297 -20.96378254187659
3628163821850.1797 -22.42834323586205 -21.742779048224698 -20.97030523222795
3694151286351.207 -22.43638690364509 -21.749868193169938 -20.97532561881996
3761338902136.763 -22.44457686615691 -21.757086272398023 -20.980437314018275
3829748497036.0674 -22.452915784142366 -21.764435630909574 -20.985641978504084
3899402295873.413 -22.460695199005713 -21.771130613586205 -20.991831209881436
3970322927688.4766 -22.46849334445643 -21.777811333906225 -20.998286619310985
4042533433088.1074 -22.476433319182604 -21.78461356025977 -21.00485943691764
4116057271731.668 -22.48519445586797 -21.79222061247111 -21.011006487161772
4190918329952.595 -22.495399681330795 -21.801259034347215 -21.016230121591665
4267140928518.5625 -22.505790514992704 -21.8104618431066 -21.02154876121108
4344749830532.78 -22.516370332614837 -21.81983202854635 -21.026964133933053
4423770249479.001 -22.524914310089066 -21.828188195344097 -21.032926190726787
4504227857412.85 -22.533186037308308 -21.83646902470082 -21.03908269904748
4586148793302.123 -22.541608207102094 -21.8449004621778 -21.045351179262003
4669559671518.787 -22.55055659188604 -21.853000293055157 -21.051287975660898
4754487590485.443 -22.56042055590679 -21.860268747498445 -21.05643328992943
4840960141478.949 -22.570463921412042 -21.86766939742769 -21.061672184934473
4929005417594.356 -22.58068995127792 -21.875204647156853 -21.067006362681738
5018652022871.683 -22.589333897641996 -21.88261959553655 -21.07214690849
5109929081588.775 -22.597760467165212 -21.890114880919217 -21.077319370737342
5202866247723.196 -22.60634029546741 -21.89774648729024 -21.08258590747682
5297493714586.075 -22.615421090202723 -21.90545231720844 -21.088103133243482
5393842224631.413 -22.62540797145424 -21.913159578926127 -21.09405345482278
5491943079443.56 -22.63557648975536 -21.921007016965493 -21.100111998261198
5591828149906.458 -22.645929948641676 -21.92899718079247 -21.106280731850806
5693529886557.817 -22.65560677651723 -21.9356916739175 -21.111444915018257
5797081330131.604 -22.665258520587177 -21.942172919007703 -21.11644339923549
5902516122292.271 -22.675085806377524 -21.948772042162766 -21.12153279370817
6009868516564.226 -22.684577717178055 -21.955290728580355 -21.126561590892994
6119173389460.067 -22.693065062395252 -21.961468966523547 -21.131331143830547
6230466251811.226 -22.7017067717533 -21.967759571569488 -21.13618744332107
6343783260304.706 -22.71050565276001 -21.974164587402136 -21.141132067073116
6459161229229.521 -22.71862609270198 -21.980751347886244 -21.14777839741081
6576637642437.026 -22.726681412303158 -21.98747446729002 -21.15495469118212
6696250665518.527 -22.734883238551312 -21.994319863863403 -21.162261504261192
6818039158204.492 -22.743090321531128 -22.00137350375673 -21.1692355993377
6942042686989.283 -22.751094834073093 -22.008760162318293 -21.175198226006053
7068301537985.355 -22.759244929205355 -22.016281166210863 -21.181269298333127
7196856730011.528 -22.767543254720707 -22.023938958848856 -21.187450788681364
7327750027919.019 -22.77493752405489 -22.03089391341516 -21.193083630832298
7461023956159.979 -22.78217522727787 -22.037743038044727 -21.198636542637598
7596721812602.788 -22.789544566697 -22.0447167315721 -21.204290448386008
7734887682598.612 -22.797057534235567 -22.05160523255101 -21.209742617907477
7875566453303.797 -22.804732242803727 -22.058064562384033 -21.214497498550017
8018803828262.751 -22.81254653563105 -22.06464137169675 -21.21933885889221
8164646342256.057 -22.82050295141529 -22.071337797154815 -21.2242682717892
8313141376418.632 -22.828030853905215 -22.078145937998276 -21.230288940793596
8464337173632.891 -22.835524427117527 -22.085074892164805 -21.23671832868991
8618282854201.691 -22.843154290177985 -22.092129867134012 -21.243264651495014
8775028431806.684 -22.85070224578719 -22.09916465350036 -21.250092686535037
8934624829756.56 -22.857768938005815 -22.105911144593666 -21.257500807055536
9097123897530.988 -22.864964156146865 -22.11278033793069 -21.265043663247816
9262578427625.44 -22.87229023778388 -22.119774465166444 -21.272723705625637
9431042172702.205 -22.8811843297979 -22.124945434660564 -21.280064527823065
9602569863053.719 -22.89070278795803 -22.129581605981578 -21.28738445203749
9777217224383.107 -22.900394363692445 -22.134302097968767 -21.29483750784767
9955040995908.344 -22.910336356472015 -22.139623200775077 -21.30161316390384
10136098948795.594 -22.920682468770334 -22.146591225719643 -21.30606391694101
10320449904927.852 -22.931216751656184 -22.153685982069195 -21.31059561833731
10508153756014.92 -22.941942627494306 -22.160909774759375 -21.31520974034627
10699271483050.951 -22.95029866259427 -22.1676396045619 -21.31990401363066
10893865176125.88 -22.957916687384735 -22.17427484834079 -21.324682356750312
11091998054597.174 -22.965673265494484 -22.181030771045666 -21.329547606294938
11293734487628.502 -22.97344813734659 -22.187514924447218 -21.33455033690141
11499140015101.727 -22.980966118068515 -22.19283678555294 -21.33980299173276
11708281368909.703 -22.988620832551746 -22.198255438352216 -21.345151179564066
11921226494635.855 -22.99641476765043 -22.203772643250236 -21.350596637907948
12138044573628.314 -23.0039739590168 -22.210925230075954 -21.354783670755275
12358806045475.502 -23.011530401232083 -22.21877965555953 -21.358541244798076
12583582630890.275 -23.01922427672957 -22.226776933915303 -21.36236715996215
12812447355010.746 -23.026939018036167 -22.23460584848818 -21.366651890628514
13045474571124.408 -23.034376722992754 -22.241477181794956 -21.372378867369598
13282739984823.986 -23.041949701689965 -22.248473487921295 -21.378210003871082
13524320678602.576 -23.049660414427727 -22.255597039818447 -21.384147194545367
13770295136896.11 -23.057071267538372 -22.26361207854056 -21.390159580018356
14020743271581.281 -23.064441339414337 -22.27207684332387 -21.396268236075585
14275746447937.217 -23.071945454949894 -22.28069556156493 -21.4024879937105
14535387511079.326 -23.079986391326454 -22.289166298121046 -21.408671741860605
14799750812873.924 -23.08969505451303 -22.296632956456687 -21.41440118501387
15068922239342.416 -23.09958029464013 -22.30423541512441 -21.42023483278557
15342989238563.602 -23.1096453232123 -22.311976144001555 -21.42617458040396
15622040849084.062 -23.117934209839653 -22.31983554961873 -21.43189993139309
15906167728844.646 -23.125538413908007 -22.327828471333174 -21.43759192442341
16195462184633.38 -23.133280919930368 -22.33596676482899 -21.443387440945628
16490018202074.04 -23.14123302028208 -22.34406305870612 -21.449328066941288
16789931476159.816 -23.149614290775236 -22.35152048230782 -21.45554099632971
17095299442342.994 -23.158147996168335 -22.359113538284287 -21.461866923773787
