MUV-vs-Mhalo_z7.3.ecsv
# %ECSV 1.0
# ---
# datatype:
# - {name: Mhalo, unit: solMass, datatype: float64}
# - {name: MUV_16, unit: mag(AB), datatype: float64}
# - {name: MUV_50, unit: mag(AB), datatype: float64}
# - {name: MUV_84, unit: mag(AB), datatype: float64}
# meta: !!omap
# - {Description: 'MUV vs Mhalo relationship at z~7.3. This includes the log Mhalo range [10,14]'}
# schema: astropy-2.0
Mhalo MUV_16 MUV_50 MUV_84
[from data line 208]
424795628787.20685 -21.52075904956824 -21.14912354876445 -20.549464380609674
432521626799.19653 -21.54156378046268 -21.167540777405588 -20.563694329415437
440388141900.4314 -21.562746898747758 -21.186292970585495 -20.57818308633676
448397729754.57324 -21.58419080537213 -21.205260584394125 -20.593055006878732
456552992506.58215 -21.604710766454144 -21.22324702224797 -20.609460359160916
464856579628.10016 -21.625603935657388 -21.241560589605243 -20.626164084850288
473311188778.2007 -21.646877100728734 -21.260207236154965 -20.64317161063251
481919566679.81195 -21.667026239304132 -21.278413372728448 -20.659102503943142
490684510012.0614 -21.686439590950712 -21.296381869330727 -20.67431206246678
499608866318.8594 -21.706206024187743 -21.31467716912875 -20.689798245821166
508695534934.0054 -21.726281074654402 -21.33325293149886 -20.705487598591994
517947467923.1202 -21.746074265301782 -21.351501787077023 -20.72046440788196
527367671042.7116 -21.766227445886045 -21.37008254489797 -20.735713608860912
536959204716.6718 -21.78674716374747 -21.38900124145523 -20.751240155670338
546725185030.55756 -21.80688087692692 -21.407247129750743 -20.766857397981028
556668784743.931 -21.826794947464826 -21.4250402037826 -20.782610763145488
566793234321.1246 -21.84707120645045 -21.443156890500845 -20.798650643659204
577101822980.7499 -21.86764147232608 -21.461500374367095 -20.81481227170409
587597899764.295 -21.887399740946947 -21.478548246894036 -20.8285713263448
598284874624.1573 -21.907517364358068 -21.495906178706726 -20.842580624682945
609166219531.4639 -21.92800087834797 -21.51357980902851 -20.85684471804198
620245469604.0441 -21.947800670455685 -21.53060118429384 -20.87105579968316
631526224254.9044 -21.967098839471685 -21.547137768253304 -20.885270448069686
643012148361.6161 -21.98674799518658 -21.563975112404588 -20.899743626294406
654706973456.946 -22.00665904005735 -21.581070590834823 -20.914460083329413
666614498941.1548 -22.024937636818823 -21.59747227854985 -20.929027381594697
678738593316.3414 -22.04354867674277 -21.61417227302251 -20.94385962354068
691083195443.2375 -22.06249820616075 -21.631175999726278 -20.95896162784772
703652315820.862 -22.08108719507354 -21.64798141665424 -20.972820161357323
716450037889.4364 -22.099406203980287 -21.6646548187547 -20.985621685662828
729480519357.0234 -22.118058391048024 -21.68163146943577 -20.99865603852077
742747993550.2684 -22.13702013763322 -21.698861212222845 -21.011938565238747
756256770789.719 -22.15543105287308 -21.714724133271616 -21.025797993000136
770011239790.1567 -22.174176817826318 -21.730875562224384 -21.039909490001587
784015869086.3978 -22.193263522593778 -21.747320746337333 -21.05427764076874
798275208485.0245 -22.211684283426123 -21.76431213608538 -21.067518644174573
812793890542.5215 -22.229516991880875 -21.781837712314854 -21.079735353138794
827576632070.2974 -22.24767403387565 -21.799682036097114 -21.092174254288565
842628235667.0638 -22.26612550157307 -21.81778191114201 -21.104815407939
857953591279.118 -22.283009007710067 -21.8325431555087 -21.116411608815437
873557677788.9685 -22.30019958370845 -21.84757287096337 -21.12821871634638
889445564632.8717 -22.317702814421217 -21.86287594034133 -21.140240566410274
905622413447.7848 -22.335531309107882 -21.87783616475865 -21.153095392084754
922093479748.2712 -22.35369072502443 -21.89247050366337 -21.166775403730806
938864114633.9095 -22.37218041649412 -21.907371005554772 -21.180704221474713
955939766527.7373 -22.39099694434166 -21.922539155454473 -21.194877313720397
973325982946.3503 -22.40822075891009 -21.93729576627459 -21.207452986387803
991028412302.158 -22.425757832721544 -21.952320763909764 -21.220257379916355
1009052805738.436 -22.4436138631988 -21.96761902966258 -21.23329465418153
1027405018997.7513 -22.46063947729356 -21.98267256375719 -21.24651245962542
1046091014324.3677 -22.476799935923026 -21.997468025596763 -21.25991311782824
1065116862401.2529 -22.4932543139405 -22.012532580856824 -21.273557501370068
1084488744322.3142 -22.5100079570239 -22.027871123691387 -21.287450043021288
1104212953600.5046 -22.52653225911149 -22.04003228743274 -21.300887648735745
1124295898212.4565 -22.54335230089391 -22.05238358630426 -21.314563295657774
1144744102680.2778 -22.56047825827566 -22.064959525223976 -21.328487669293946
1165564210191.2595 -22.577415802190256 -22.078282223452778 -21.340639233882353
1186762984756.0867 -22.594124305320427 -22.092403813234153 -21.350834973060987
1208347313406.3267 -22.611136695433466 -22.106782240344312 -21.361216147906294
1230324208431.885 -22.628458499493558 -22.121422176028815 -21.37178613104148
1252700809659.1287 -22.64449716379563 -22.135720017024198 -21.38500562600637
1275484386770.4941 -22.6607903302848 -22.15026373969048 -21.39852275109362
1298682341666.233 -22.677379829794777 -22.165071977254733 -21.412285719768878
1322302210869.1375 -22.693827939388143 -22.179442429533452 -21.426118856583724
1346351667972.9958 -22.710072185223993 -22.193271543249583 -21.43999908453216
1370838526135.5808 -22.7266118743331 -22.20735217486712 -21.45413176002542
1395770740616.9773 -22.74345238010913 -22.22168889888418 -21.46852147446956
1421156411364.079 -22.758074941034206 -22.235173307960427 -21.48135107220173
1447003785642.0884 -22.77286758000489 -22.248860691225687 -21.494344815679423
1473321260713.8774 -22.787929261054952 -22.262797014660592 -21.507574883708205
1500117386568.0872 -22.802959802189466 -22.276246004673176 -21.519598888390437
1527400868696.812 -22.817897742525783 -22.289050930266452 -21.530106128669466
1555180570923.8662 -22.83310736761948 -22.302088746273316 -21.540804470061612
1583465518284.4277 -22.848593618754673 -22.315363688403245 -21.551697388230743
1612264899957.0862 -22.864165384031164 -22.329163746385472 -21.56317397699027
1641588072249.2185 -22.88000994515045 -22.34322985916175 -21.574879772769616
1671444561636.6287 -22.89614268025132 -22.357551800275186 -21.58679846846786
1701844067858.5356 -22.911712318417393 -22.371236369500583 -21.597403900590198
1732796467068.787 -22.92647906001456 -22.38403133630096 -21.606262111247172
1764311815044.419 -22.941514372680945 -22.397059012388738 -21.615281431184204
1796400350452.563 -22.956823141070267 -22.410323630179143 -21.624464790586757
1829072498176.7725 -22.971863706931703 -22.422141555765897 -21.636548881065007
1862338872703.8455 -22.987140282387955 -22.43405849577339 -21.649040497808652
1896210281572.2466 -23.00269470154976 -22.446192175899114 -21.661759306640885
1930697728883.2456 -23.017822037803256 -22.4582436744268 -21.673050599831715
1965812418875.9177 -23.032272563278685 -22.470108281104064 -21.68232308380712
2001565759567.1692 -23.046985908622144 -22.482188676083727 -21.6917642116854
2037969366457.9287 -23.061966853886993 -22.494488784029507 -21.701377050688446
2075035066306.8252 -23.07536554417179 -22.504779840873184 -21.713046534062276
2112774900972.4172 -23.08885080627525 -22.515068924769796 -21.725087669365205
2151201131325.3462 -23.102581332456634 -22.525545142046187 -21.737347803596343
2190326241231.6418 -23.116157412214058 -22.536657405639822 -21.747912554824495
2230162941608.428 -23.129407135821413 -22.548603679836457 -21.755948465764284
2270724174553.485 -23.14289783963504 -22.560767227668784 -21.764130530354766
2312023117549.824 -23.156633906498055 -22.57315200081513 -21.77246140677493
2354073187746.785 -23.170737450606158 -22.584938028575706 -21.781393610088603
2396888046318.9775 -23.1851094137957 -22.59685500195295 -21.79053380286835
2440481602904.5107 -23.199742767996607 -22.608988716055336 -21.799840233496276
2484868020123.9375 -23.214765512165293 -22.620893567640962 -21.809380142497627
2530061718181.3887 -23.2302465082687 -22.632340047273043 -21.819189966855543
2576077379549.393 -23.246009065991416 -22.643994710494802 -21.82917820802934
2622929953738.8984 -23.262058306253635 -22.655861343658767 -21.839348110986407
2670634662156.0625 -23.273365683149663 -22.665521104425792 -21.84812481749818
2719207003047.3203 -23.28428344265982 -22.67507005481254 -21.85687452417944
2768662756534.501 -23.295399769628194 -22.68479267735292 -21.865783366717668
2819017989741.41 -23.30730708027979 -22.69478549525607 -21.873836593858247
2870289062013.708 -23.320367171635304 -22.705108510353153 -21.880418205269475
2922492630233.727 -23.333664794248232 -22.71561927595592 -21.88711952016453
2975645654231.8877 -23.3472042682337 -22.726321206788853 -21.89394271565827
3029765402296.6626 -23.358567564096088 -22.73653349006947 -21.902272057849263
3084869456784.6265 -23.369808538136457 -22.746838575826747 -21.910940588061518
3140975719832.603 -23.38125395812025 -22.757331085998686 -21.919766777728455
3198102419173.6895 -23.393437001255165 -22.767895222380822 -21.928412671733142
3256268114059.0586 -23.40673391193094 -22.778450597221603 -21.936641431235344
3315491701287.467 -23.42027266103085 -22.789197948625958 -21.945019851833962
3375792421344.4214 -23.434057647006902 -22.800140768180068 -21.953550655499875
3437189864653.0054 -23.44579790380992 -22.810525764056734 -21.96348489038756
3499703977938.391 -23.457398368396962 -22.820983142495912 -21.973791941780515
3563355070708.1216 -23.469209817185035 -22.83163071518277 -21.984286453338257
3628163821850.1797 -23.480969302068345 -22.842068722678828 -21.993728251309577
3694151286351.207 -23.492465708396967 -22.851975703900308 -22.00111851311286
3761338902136.763 -23.504171206360297 -22.862062868984417 -22.008643185781345
3829748497036.0674 -23.51608959882598 -22.87233349503682 -22.016304713921354
3899402295873.413 -23.527960668398702 -22.881661078000914 -22.023837105697808
3970322927688.4766 -23.540002058093563 -22.890963279828764 -22.031460149579726
4042533433088.1074 -23.552262451343402 -22.90043466605485 -22.03922183806598
4116057271731.668 -23.56454547962182 -22.910065796671205 -22.047517583292592
4190918329952.595 -23.576671559599752 -22.919848331770723 -22.056710069471762
4267140928518.5625 -23.58901818344267 -22.92980878736096 -22.066069744588702
4344749830532.78 -23.601589362306406 -22.939950399382376 -22.075599649403042
4423770249479.001 -23.614099401237947 -22.951212118034984 -22.085317808334292
4504227857412.85 -23.62678135337086 -22.96285822943932 -22.095215581937115
4586148793302.123 -23.63969395932958 -22.97471615524912 -22.105293371938405
4669559671518.787 -23.65235184738833 -22.986041957404513 -22.11470603766897
4754487590485.443 -23.664251949728207 -22.996064621411374 -22.122577698615938
4840960141478.949 -23.676368485950135 -23.006269573269016 -22.130592525906216
4929005417594.356 -23.688705392459376 -23.016660128349525 -22.138753123386948
5018652022871.683 -23.700343903236014 -23.027280886365283 -22.14496496779747
5109929081588.775 -23.711998588225683 -23.038103543967164 -22.150845476212265
5202866247723.196 -23.723865243553465 -23.049123039355152 -22.15683293675473
5297493714586.075 -23.73523863743354 -23.06003219638781 -22.163036054281616
5393842224631.413 -23.74529568395349 -23.070472223941707 -22.169581323622054
5491943079443.56 -23.755535643658405 -23.08110213017293 -22.176245635472554
5591828149906.458 -23.76596184329368 -23.091925368512218 -22.18303115492647
5693529886557.817 -23.77674913143234 -23.101518754547897 -22.18941689199301
5797081330131.604 -23.78777247571818 -23.11095493890571 -22.19579713684933
5902516122292.271 -23.79899630779219 -23.1205627444777 -22.202293422822216
6009868516564.226 -23.809970472389526 -23.13051562607363 -22.209638604681174
6119173389460.067 -23.820105121785076 -23.14103955341971 -22.218790625283205
6230466251811.226 -23.830424095772916 -23.151754885376018 -22.228109098852702
6343783260304.706 -23.840930746768503 -23.1626651031263 -22.23759705276379
6459161229229.521 -23.851807369977507 -23.17077053264006 -22.245516905424417
6576637642437.026 -23.86292721425045 -23.178261136965908 -22.253139005116047
6696250665518.527 -23.87424930141133 -23.185887977143093 -22.26089973223949
6818039158204.492 -23.885397879348876 -23.193975893028206 -22.26904842800078
6942042686989.283 -23.895821604241803 -23.20299900816056 -22.277948745584116
7068301537985.355 -23.90643491130635 -23.212186231783797 -22.287010938269955
7196856730011.528 -23.91724124858054 -23.221540548631722 -22.296237950172216
7327750027919.019 -23.92859601567841 -23.231040959790406 -22.304046395369493
7461023956159.979 -23.940254377867774 -23.240707528678126 -22.311559203730752
7596721812602.788 -23.952124777274552 -23.25054990891358 -22.319208651780677
7734887682598.612 -23.963966052543856 -23.260013605151617 -22.326362959456787
7875566453303.797 -23.97538196392369 -23.268191041603924 -22.331988766706733
8018803828262.751 -23.98700550293114 -23.276517205711347 -22.33771689369041
8164646342256.057 -23.998840445807126 -23.28499480246775 -22.34354920135461
8313141376418.632 -24.009839869306614 -23.293750896950094 -22.349449421177642
8464337173632.891 -24.020725440125847 -23.30270337997488 -22.355445550761292
8618282854201.691 -24.0318089929694 -23.311818686864513 -22.361550735340106
8775028431806.684 -24.04313969975535 -23.321048602250297 -22.368430887078347
8934624829756.56 -24.054804217689536 -23.33030294187466 -22.377297125923935
9097123897530.988 -24.066680884799148 -23.339725595400335 -22.38632462006278
9262578427625.44 -24.07877355956105 -23.3493196240473 -22.395516302335974
9431042172702.205 -24.09006619250827 -23.358784266531636 -22.40354957916374
9602569863053.719 -24.101235344795853 -23.36832306997914 -22.411301562059602
9777217224383.107 -24.11260763676407 -23.37803536103216 -22.41919453464646
9955040995908.344 -24.1236244686951 -23.387752199976262 -22.427203516068914
10136098948795.594 -24.133148369914576 -23.39712751546876 -22.43527521166382
10320449904927.852 -24.142845487704335 -23.406673345119003 -22.443493711745152
10508153756014.92 -24.15271897245196 -23.416392790164284 -22.451861686329014
10699271483050.951 -24.162205088064436 -23.426165810850527 -22.45697614375428
10893865176125.88 -24.171667012460208 -23.436073831428317 -22.4610018929103
11091998054597.174 -24.18130102621877 -23.446162054772095 -22.46510086063984
11293734487628.502 -24.19100862195995 -23.456507132401423 -22.469589629055204
11499140015101.727 -24.200563063654442 -23.467278387485752 -22.475182710548566
11708281368909.703 -24.210291277376086 -23.478245545469566 -22.480877516573845
11921226494635.855 -24.22019642361487 -23.489412169349542 -22.486675897252553
12138044573628.314 -24.231585939654934 -23.499829399239125 -22.49332744664133
12358806045475.502 -24.243668381692913 -23.51008132310009 -22.500378468797848
12583582630890.275 -24.255970573928018 -23.520519704490276 -22.507557731876517
12812447355010.746 -24.26827481600094 -23.530641497490492 -22.514545612709618
13045474571124.408 -24.280025759193215 -23.539172239596475 -22.5205320812899
13282739984823.986 -24.291990423425897 -23.547858135127033 -22.526627429155226
13524320678602.576 -24.30417269576424 -23.55670200594513 -22.53283363655464
13770295136896.11 -24.315218004567363 -23.5659671781481 -22.537901061047013
14020743271581.281 -24.325922248600346 -23.575504762582074 -22.542561331058568
14275746447937.217 -24.336821176764975 -23.58521581245068 -22.5473063600328
14535387511079.326 -24.34736482829326 -23.594608834011677 -22.552069078550474
14799750812873.924 -24.355996670815124 -23.60229278890241 -22.556657664594603
15068922239342.416 -24.364785505531927 -23.610116496220403 -22.56132970584461
15342989238563.602 -24.373734187749385 -23.618082497721968 -22.566086720147453
15622040849084.062 -24.382732309964467 -23.627888185148077 -22.570709976765404
15906167728844.646 -24.39184576672637 -23.638594908065933 -22.57532338954836
16195462184633.38 -24.401124975073394 -23.64949636020032 -22.580020709075104
16490018202074.04 -24.41041924879603 -23.660456630554194 -22.585056538661345
16789931476159.816 -24.419246679263168 -23.671039304939534 -22.591230976433035
17095299442342.994 -24.42823465919367 -23.681814452400683 -22.597517712191607
