MUV-vs-Mhalo_z5.4.ecsv
# %ECSV 1.0
# ---
# datatype:
# - {name: Mhalo, unit: solMass, datatype: float64}
# - {name: MUV_16, unit: mag(AB), datatype: float64}
# - {name: MUV_50, unit: mag(AB), datatype: float64}
# - {name: MUV_84, unit: mag(AB), datatype: float64}
# meta: !!omap
# - {Description: 'MUV vs Mhalo relationship at z~5.4. This includes the log Mhalo range [10,14]'}
# schema: astropy-2.0
Mhalo MUV_16 MUV_50 MUV_84
[from data line 415]
17722798085608.84 -23.174553776747665 -22.374736811826587 -21.474650484928105
18045132623671.844 -23.18189680653485 -22.382781728999497 -21.481010347173815
18373329642023.03 -23.189373388151893 -22.390972963624545 -21.48748587982604
18707495764902.344 -23.197249340888217 -22.39923897129691 -21.49399405032446
19047739555785.0 -23.206460247860633 -22.40731957433908 -21.500235389173714
19394171552651.45 -23.21583867880019 -22.415547143872452 -21.50659024277753
19746904303898.83 -23.225387680559887 -22.4239243528596 -21.51306067569286
20106052404905.613 -23.233760992708174 -22.430381545114358 -21.518917202825353
20471732535260.9 -23.24163248725017 -22.435951586408223 -21.524525606754615
20844063496671.613 -23.249647145108973 -22.44162293318888 -21.53023601389359
21223166251558.344 -23.257895163827456 -22.447355452732737 -21.535717569146644
21609163962353.535 -23.266728964914474 -22.45298340990264 -21.53964361693839
22002182031514.44 -23.275723431330917 -22.458713725908083 -21.543641069978634
22402348142263.35 -23.284881485187864 -22.464548262407018 -21.547711226954952
22809792300069.715 -23.29210956866067 -22.47059983160141 -21.55181564151465
23224646874885.77 -23.298387856115333 -22.47681866781242 -21.555974195256507
23647046644150.848 -23.304780330329713 -22.483150609509796 -21.56020838296389
24077128836577.68 -23.31144208850177 -22.48939116560924 -21.564793025101242
24515033176735.098 -23.319067406200634 -22.494608146103182 -21.57096640216612
24960901930441.586 -23.32683140985903 -22.499920010767756 -21.577252057926206
25414879950984.414 -23.33473662183682 -22.50532848531496 -21.58365203445754
25877114726179.387 -23.342018886609445 -22.51124097357964 -21.58824902435557
26347756426286.52 -23.349013409638598 -22.517483302603015 -21.59187773889388
26826957952797.273 -23.35613514600837 -22.52383916438981 -21.595572450912886
27314874988108.547 -23.363474524678853 -22.530292850231877 -21.599281196151306
27811666046101.254 -23.371488281138326 -22.536754810341158 -21.602731045472574
28317492523637.664 -23.379647788312447 -22.54333429776846 -21.606243639151817
28832518752995.95 -23.387955697051776 -22.55003345004949 -21.609820118356105
29356912055258.344 -23.39627877372096 -22.557000471285892 -21.61389602398074
29890842794669.74 -23.404674151594094 -22.564179153461268 -21.618298749009536
30434484433986.13 -23.41322222094605 -22.57148839838366 -21.622781548884955
30988013590828.5 -23.421794032692265 -22.578945227922897 -21.627289443774544
31551610095062.254 -23.42961175403166 -22.586638865180714 -21.631489453721326
32125457047220.125 -23.43757166068426 -22.594472430964462 -21.63576585162104
32709740877987.633 -23.445676338654653 -22.602448470233274 -21.640120026784537
33304651408770.48 -23.45412345060024 -22.60983749948611 -21.644573414842576
33910381913363.465 -23.46284451008826 -22.616909295116596 -21.649120150312278
34527129180741.06 -23.471724184410572 -22.624109709488135 -21.653749579827817
35155093578989.945 -23.48055464933561 -22.63138364034203 -21.65840307246452
35794479120404.516 -23.487888758760754 -22.638338161382418 -21.662668315653907
36445493527765.52 -23.495356257776084 -22.64541916822466 -21.667011133230055
37108348301825.71 -23.502959572413417 -22.652628961337474 -21.671432936082148
37783258790021.3 -23.5109220997096 -22.658940683540933 -21.675850231201288
38470444256433.95 -23.519173861857624 -22.664694431675922 -21.68029234925877
39170127953025.2 -23.527575703464173 -22.670552826477778 -21.68481525862613
39882537192165.586 -23.53603838248345 -22.67640751346739 -21.689547420063658
40607903420484.586 -23.54381972993839 -22.68136736911071 -21.695518929403796
41346462294062.1 -23.551742601154157 -22.686417432449787 -21.701599045956826
42098453754988.24 -23.55980957010331 -22.69155934414293 -21.707789745023465
42864122109315.42 -23.56766863884174 -22.696789465341872 -21.71451257960576
43643716106428.195 -23.5754251925529 -22.702111034800097 -21.72164807555983
44437489019856.68 -23.583322819087055 -22.70752939064751 -21.72891334880872
45245698729559.71 -23.591318042522232 -22.713072406415876 -21.73629407379108
46068607805704.586 -23.598966636344635 -22.71899530570853 -21.743630715599163
46906483593970.52 -23.60675433946257 -22.72502592811568 -21.751100793055322
47759598302403.8 -23.61468368193536 -22.73116623285846 -21.75870673302904
48628229089851.555 -23.621719163523036 -22.73704276252061 -21.76440495556773
49512658156006.02 -23.62812225600722 -22.742751168898614 -21.768708168347317
50413172833084.42 -23.634641805150682 -22.74856339728734 -21.773089646088046
51330065679177.266 -23.641311853856813 -22.75456558379838 -21.777530721029372
52263634573294.516 -23.648515034161296 -22.761763704166338 -21.78179339849244
53214182812139.266 -23.6558492227741 -22.769092740814695 -21.786133603677957
54182019208643.695 -23.66331680241733 -22.776555074791787 -21.790552746626396
55167458192294.96 -23.671582547245066 -22.783026655514025 -21.79489907099192
56170819911286.91 -23.680511755748952 -22.78874324336698 -21.79920576450273
57192430336529.36 -23.689603364810832 -22.794563802031767 -21.80359078628071
58232621367549.19 -23.698761099069277 -22.800494727352252 -21.808109667369756
59291730940317.42 -23.706483333746252 -22.80660625302488 -21.813584286472107
60370103137037.44 -23.714346017066575 -22.812828932466516 -21.81915847556397
61468088297929.96 -23.722351703449043 -22.819164787293527 -21.82483404558097
62586043135051.195 -23.72994038764312 -22.825665789104047 -21.83038877867112
63724330848181.2 -23.73720627764774 -22.832325910728336 -21.83586101656347
64883321242818.82 -23.744604316497423 -22.839107163746036 -21.841432781136913
66063390850325.11 -23.752106915029138 -22.84593403050804 -21.847034958485526
67264923050249.38 -23.75910514926686 -22.85122449106579 -21.851223672427718
68488308194881.35 -23.766230664343045 -22.85661117221759 -21.85548856887603
69733943736068.555 -23.77348577518619 -22.86209582398173 -21.85983103340473
71002234354338.9 -23.780433908506915 -22.868293149500957 -21.86429025030549
72293592090374.45 -23.787128434207187 -22.875133788635537 -21.868863269628935
73608436478873.6 -23.793944717027227 -22.882098842337438 -21.87351946103751
74947194684849.22 -23.800892099404358 -22.889134649911995 -21.878260937337963
76310301642405.52 -23.80818790900228 -22.894556130835504 -21.88310734588378
77698200196038.92 -23.815616411609803 -22.900076215294455 -21.888041898798914
79111341244508.8 -23.823180020589632 -22.90569669664703 -21.8930661992148
80550183887324.9 -23.831416728380372 -22.912297274364384 -21.8983275123607
82015195573899.05 -23.840293121671 -22.91982093371536 -21.903817733450403
83506852255409.55 -23.849330954939514 -22.927481430108077 -21.909407808291764
85025638539427.89 -23.858537307115956 -22.935269420603245 -21.91504197226028
86572047847356.14 -23.86814380311215 -22.942534454821004 -21.91754422170693
88146582574731.12 -23.877925017876475 -22.949931622319145 -21.92009198097746
89749754254440.66 -23.887884129117843 -22.957463326280266 -21.922686077784736
91382083722910.12 -23.89666081384268 -22.965062750625837 -21.92626756414653
93044101289311.45 -23.904279322477596 -22.97273345122901 -21.93082284839445
94736346907847.9 -23.912036393231748 -22.980543663196222 -21.935460982169666
96459370353175.88 -23.919936017715738 -22.98849331557266 -21.9401881056004
98213731399013.6 -23.928356467571735 -22.995919031164856 -21.946188731162405
100000000000000.0 -23.936930064904875 -23.00347980244034 -21.952298493490474
