MUV-vs-Mhalo_z7.3.ecsv
# %ECSV 1.0
# ---
# datatype:
# - {name: Mhalo, unit: solMass, datatype: float64}
# - {name: MUV_16, unit: mag(AB), datatype: float64}
# - {name: MUV_50, unit: mag(AB), datatype: float64}
# - {name: MUV_84, unit: mag(AB), datatype: float64}
# meta: !!omap
# - {Description: 'MUV vs Mhalo relationship at z~7.3. This includes the log Mhalo range [10,14]'}
# schema: astropy-2.0
Mhalo MUV_16 MUV_50 MUV_84
[from data line 415]
17722798085608.84 -24.446538317380423 -23.701224296744545 -22.610164866557596
18045132623671.844 -24.455781595978706 -23.708573456856584 -22.61640104933108
18373329642023.03 -24.46519298730517 -23.716056280294158 -22.62275065308267
18707495764902.344 -24.4749252183677 -23.723648322173286 -22.62923021626488
19047739555785.0 -24.48551163464769 -23.731256844781754 -22.635893121801022
19394171552651.45 -24.496290592059438 -23.739003747887956 -22.64267720936315
19746904303898.83 -24.50726559245725 -23.74689154829616 -22.64958468295721
20106052404905.613 -24.517859001028693 -23.754875712009824 -22.65484106578295
20471732535260.9 -24.528363339224832 -23.762982258006843 -22.659331778436215
20844063496671.613 -24.539058725752266 -23.771236242334236 -22.663904166216714
21223166251558.344 -24.550091425302742 -23.77959968084653 -22.668935289187125
21609163962353.535 -24.56203515007587 -23.787912921807568 -22.6759263656804
22002182031514.44 -24.57419610211689 -23.796377360377022 -22.683044592830203
22402348142263.35 -24.586578232260802 -23.80499574647119 -22.690292283197326
22809792300069.715 -24.598029346575196 -23.813984940564513 -22.697107417411843
23224646874885.77 -24.60909242641888 -23.823248024902487 -22.703755434425993
23647046644150.848 -24.62035671674376 -23.83267958218681 -22.710524362680175
24077128836577.68 -24.631642293094792 -23.842205372403853 -22.71685131882046
24515033176735.098 -24.642122471616677 -23.851478843742264 -22.72018249066887
24960901930441.586 -24.65279325906421 -23.86092097694127 -22.723574248421023
25414879950984.414 -24.663658122149585 -23.87053483954939 -22.727027693986976
25877114726179.387 -24.67509319184667 -23.877605374503723 -22.73155358406877
26347756426286.52 -24.686940434636718 -23.88331485808685 -22.73671510023381
26826957952797.273 -24.699003149922344 -23.889128183272447 -22.741970491808402
27314874988108.547 -24.710898329760834 -23.895114088230205 -22.74752094937492
27811666046101.254 -24.72063471725912 -23.901619215753573 -22.754396876835337
28317492523637.664 -24.730548185935643 -23.9082426557051 -22.761397860671785
28832518752995.95 -24.7406419564658 -23.914986559899734 -22.768526175355206
29356912055258.344 -24.751346757043855 -23.92164018965484 -22.77533186818865
29890842794669.74 -24.762494909118352 -23.928290966486657 -22.781998244609994
30434484433986.13 -24.773845818930752 -23.935062704752863 -22.78878586618427
30988013590828.5 -24.78517930807791 -23.94189042680964 -22.79540273848297
31551610095062.254 -24.795172414095642 -23.948378251918193 -22.800107565894784
32125457047220.125 -24.80534727037631 -23.954984074766113 -22.804897962659876
32709740877987.633 -24.815707182514593 -23.96171004144493 -22.809775485076397
33304651408770.48 -24.825515502186015 -23.969773311247486 -22.81455132395484
33910381913363.465 -24.835045691430388 -23.97873275841912 -22.819296568439572
34527129180741.06 -24.8447492116089 -23.987855156116478 -22.824128117365714
35155093578989.945 -24.85460397310807 -23.996720275545517 -22.829036939626647
35794479120404.516 -24.864439471680537 -24.00241875643506 -22.83395167972957
36445493527765.52 -24.874453854020317 -24.00822087881486 -22.838955806986434
37108348301825.71 -24.88465037358752 -24.014128527671243 -22.84405094713189
37783258790021.3 -24.894979147849455 -24.020589154112443 -22.849516469541435
38470444256433.95 -24.9054610046534 -24.02745851964833 -22.855262933115387
39170127953025.2 -24.916133500906863 -24.034452822214824 -22.86111391086778
39882537192165.586 -24.926908361737702 -24.041586985121146 -22.867046791878717
40607903420484.586 -24.937046028056365 -24.04896579214574 -22.872864972028818
41346462294062.1 -24.9473680738378 -24.056478801701004 -22.878788970707237
42098453754988.24 -24.95787785249543 -24.064128454604166 -22.88482071249531
42864122109315.42 -24.96790486125812 -24.07090798746391 -22.89097346685296
43643716106428.195 -24.97764777942902 -24.077112263575525 -22.897245953054572
44437489019856.68 -24.98756789755519 -24.08342938036076 -22.903632520505237
45245698729559.71 -24.997703769493583 -24.089904921414906 -22.910119649214078
46068607805704.586 -25.00840156757097 -24.096963451693743 -22.91655810228635
46906483593970.52 -25.01929393254377 -24.104150359449196 -22.923113655140877
47759598302403.8 -25.03038440311 -24.111467979554938 -22.929788437537542
48628229089851.555 -25.041174666983625 -24.11910870336251 -22.93592641904006
49512658156006.02 -25.051793547532803 -24.12702757062704 -22.94169393235574
50413172833084.42 -25.062605559659737 -24.135090462802832 -22.947566342693403
51330065679177.266 -25.07362831767712 -24.1431682718982 -22.95351121091792
52263634573294.516 -25.085033460238854 -24.14969375701321 -22.9591211376827
53214182812139.266 -25.096646034569623 -24.156337924811396 -22.964833095353864
54182019208643.695 -25.108469813348165 -24.163102933841742 -22.97064893962513
55167458192294.96 -25.1202208593851 -24.170134160255934 -22.975508675078487
56170819911286.91 -25.13196268250203 -24.1774041897292 -22.97963414091526
57192430336529.36 -25.143918060787403 -24.18480644333438 -22.98383463892913
58232621367549.19 -25.15605170626209 -24.19223820483629 -22.988074804212715
59291730940317.42 -25.167773599336726 -24.198107948338844 -22.991799087645557
60370103137037.44 -25.179708685100866 -24.20408444818153 -22.995591106724554
61468088297929.96 -25.19186084101036 -24.21016964600219 -22.99945209339615
62586043135051.195 -25.20233060965602 -24.217523977067472 -23.0037383647368
63724330848181.2 -25.211431775398477 -24.225960924108822 -23.00839341418671
64883321242818.82 -25.220698469182345 -24.234551318670935 -23.01313312764999
66063390850325.11 -25.23020520364974 -24.24325129309021 -23.018081738886256
67264923050249.38 -25.241412546077207 -24.251112599895784 -23.02574181452287
68488308194881.35 -25.252823722770962 -24.259116884728048 -23.033541208281253
69733943736068.555 -25.26444244097992 -24.267266748009128 -23.04148245401878
71002234354338.9 -25.275641934596187 -24.274551658746468 -23.04765616550235
72293592090374.45 -25.286499267372236 -24.281091966386597 -23.052286993264342
73608436478873.6 -25.297554068591364 -24.287751226295537 -23.057002044506184
74947194684849.22 -25.3087345609716 -24.294473889654412 -23.061798126921918
76310301642405.52 -25.317770293299574 -24.299520801821068 -23.06653425872235
77698200196038.92 -25.326970363594498 -24.304659505029633 -23.071356529226655
79111341244508.8 -25.336337760763783 -24.30989166873563 -23.076266505088086
80550183887324.9 -25.34668680399365 -24.316736988683257 -23.081103267578616
82015195573899.05 -25.357966184301677 -24.325095392368418 -23.085879339725967
83506852255409.55 -25.369450709069607 -24.333605815061965 -23.090742276994835
85025638539427.89 -25.38115776953664 -24.34226729650658 -23.09565696170176
86572047847356.14 -25.393845062470387 -24.35087706462507 -23.09859968209313
88146582574731.12 -25.406763106366107 -24.359643423458856 -23.101595923402215
89749754254440.66 -25.419916098021865 -24.368569221011715 -23.10464665904417
91382083722910.12 -25.431811953813355 -24.37774939149443 -23.10948924125004
93044101289311.45 -25.44247802159515 -24.38718547300315 -23.11609799360871
94736346907847.9 -25.45333807917555 -24.39679317385547 -23.122826943078948
96459370353175.88 -25.464393344665556 -24.40656735450614 -23.129667765364008
98213731399013.6 -25.47505759558819 -24.41440201575831 -23.133939162715492
100000000000000.0 -25.48591580326519 -24.42237917041944 -23.13828824638296
