MUV-vs-Mhalo_z7.3.ecsv
# %ECSV 1.0
# ---
# datatype:
# - {name: Mhalo, unit: solMass, datatype: float64}
# - {name: MUV_16, unit: mag(AB), datatype: float64}
# - {name: MUV_50, unit: mag(AB), datatype: float64}
# - {name: MUV_84, unit: mag(AB), datatype: float64}
# meta: !!omap
# - {Description: 'MUV vs Mhalo relationship at z~7.3. This includes the log Mhalo range [10,14]'}
# schema: astropy-2.0
Mhalo MUV_16 MUV_50 MUV_84
10000000000.0 -15.902557122396 -15.689526681115058 -15.407002283497713
10181875647.686098 -15.935545673471642 -15.72482844138903 -15.443819616126431
10367059170.49432 -15.96758245947193 -15.759896353973932 -15.479466164420801
10555610730.617697 -16.000201916592573 -15.79560206649027 -15.515761036621054
10747591584.45304 -16.033414642202317 -15.83195717896561 -15.552716024160215
10943064102.50189 -16.065022626321095 -15.866588619014529 -15.58858119685648
11142091789.633192 -16.097187863992843 -15.901830897371672 -15.625084615452312
11344739305.714943 -16.129938109008048 -15.937714146949032 -15.662251942338134
11551072486.620626 -16.163233926952746 -15.972766239295796 -15.698950375015523
11761158365.617947 -16.19708172485802 -16.006867884105706 -15.735091005950382
11975065195.1465 -16.23154513177997 -16.041589754789317 -15.771888946951146
12192862468.991552 -16.266635344147463 -16.07694313174487 -15.809356152887213
12414620944.86114 -16.300351819531752 -16.110534439944598 -15.845962999033565
12640412667.373543 -16.334636763132824 -16.144683195607147 -15.883201339817493
12870310991.463354 -16.36954526636623 -16.179453033975076 -15.921116955336302
13104390606.212746 -16.40305868124199 -16.213443405011507 -15.957613445663643
13342727559.116402 -16.434886259307063 -16.24645556514016 -15.992389333152529
13585399280.787748 -16.46729270350962 -16.280068136069303 -16.027797709347507
13832484610.1145 -16.50028854201503 -16.31429203780926 -16.063850077677877
14084063819.871758 -16.53232498393245 -16.347772539192132 -16.09902366376371
14340218642.800909 -16.56488651966269 -16.38181154751286 -16.134780324445522
14601032298.162937 -16.598040270432996 -16.416469642502086 -16.171187311709403
14866589518.77434 -16.63102287406108 -16.45022969472141 -16.207039684802403
15136976578.535385 -16.6636803582494 -16.482777525432095 -16.24209023830449
15412281320.458427 -16.696931802546572 -16.515917321921904 -16.277778276018566
15692593185.2063 -16.730788009640552 -16.549659850606794 -16.314115392230033
15978003240.149685 -16.763603133174925 -16.581776959298658 -16.34954768535947
16268604208.952965 -16.796928907388406 -16.614361738278756 -16.385542969455994
16564490501.698244 -16.830860796278866 -16.647539155037034 -16.422192920113396
16865758245.556904 -16.864409207431237 -16.681051671788005 -16.458548707100014
17172505316.019686 -16.897304015739856 -16.71483481904134 -16.49435231747294
17484831368.69409 -16.930797100505135 -16.749232399473435 -16.530807108328478
17802837871.680435 -16.964899342918887 -16.784255588127518 -16.567924923053823
18126628138.536682 -16.99689400690021 -16.816086455582433 -16.60189124134475
18456307361.842827 -17.02928630966406 -16.848237575999967 -16.636216835569115
18791982647.375713 -17.06226774953243 -16.880973447002475 -16.671166728761662
19133763048.90545 -17.09555523019332 -16.914100107552144 -16.70551235215605
19481759603.624733 -17.129055759970495 -16.94755603417746 -16.738826788289273
19836085368.222145 -17.16316558280277 -16.98162044263516 -16.77274713288739
20196855455.61236 -17.19789578024705 -17.016304399727986 -16.807284405949858
20564187072.33356 -17.229633588755217 -17.048078045382827 -16.84052627137137
20938199556.625435 -17.26164583731847 -17.080133710821915 -16.87421200994534
21319014417.19964 -17.294240310725854 -17.11277239075238 -16.9085104100714
21706755372.715385 -17.327125658524526 -17.145045039377198 -16.942164408538943
22101548391.973106 -17.360182567404976 -17.176548974127932 -16.974638925644346
22503521734.83868 -17.39384070095673 -17.20862588873241 -17.00770407513292
22912805993.91288 -17.428110993992448 -17.24128620429883 -17.041370599169404
23329534136.95776 -17.460349606482954 -17.273403923936666 -17.073934868619613
23753841550.095177 -17.492908972394908 -17.30599208694435 -17.10691988735673
24185866081.790825 -17.526060513883213 -17.339172949277422 -17.14050482325852
24625748087.63832 -17.55931636025917 -17.372183784912835 -17.172919741292716
25073630475.957714 -17.592431496667356 -17.4046384848035 -17.203261540556323
25529658754.223385 -17.626148916763785 -17.437683456650472 -17.234155183259233
25993981076.336437 -17.66047957462206 -17.471329436063197 -17.265610706089745
26466748290.756325 -17.692995078375745 -17.501589915236945 -17.296884957298445
26948113989.50895 -17.725816478591113 -17.53193296906972 -17.328639849715387
27438234558.085022 -17.759234820148695 -17.562827889159358 -17.36097228629488
27937269226.246502 -17.792187075407494 -17.594691731326098 -17.39228520827381
28445380119.756954 -17.82403817663105 -17.627779605412965 -17.421622091467626
28962732313.052757 -17.856468571821065 -17.661469267352846 -17.451492541124637
29489493882.872437 -17.889488796924073 -17.695771662201295 -17.48190626151946
30025835962.860703 -17.92127288540366 -17.72737988254207 -17.51063351804407
30571932799.166885 -17.953387942096803 -17.759116572163514 -17.539581937835326
31127961807.05332 -17.986087093463603 -17.791430474882986 -17.569056858886483
31694103628.533916 -18.01852100763615 -17.823747569150353 -17.598864287261335
32270542191.06091 -18.050101598154814 -17.855671464002903 -17.628872199804103
32857464767.278988 -18.082256562708967 -17.888175976760753 -17.65942588319981
33455062035.86619 -18.114996347763583 -17.92127166744966 -17.690535263691196
34063528143.48137 -18.145594450082587 -17.951971232555337 -17.71968462147975
34683060767.83844 -18.17633134474591 -17.982771617206147 -17.748978670798177
35313861181.92713 -18.207627268671704 -18.014132185847686 -17.77880550753591
35956134319.40313 -18.23884217070256 -18.04529919055257 -17.808419747182782
36610088841.16611 -18.269467273158227 -18.075673083542316 -17.837228409736205
37275937203.14938 -18.300649371648355 -18.10659940367809 -17.86656103170572
37953895725.34229 -18.332398596574393 -18.138088198264388 -17.896427142637137
38644184662.06802 -18.3615039597243 -18.168274177557148 -17.923817645216214
39347028273.539665 -18.390586999478238 -18.198687965515543 -17.951189315791993
40062654898.71699 -18.420198988901365 -18.229654906212282 -17.97905881039919
40791297029.48987 -18.449766976674937 -18.260587124826554 -18.0069965959799
41533191386.20932 -18.47877155417622 -18.290951704664117 -18.034613481879397
42288578994.59307 -18.50830365430939 -18.32186854226415 -18.0627326516799
43057705264.0297 -18.538372871426485 -18.353347681850472 -18.09136324070239
43840820067.30695 -18.567092628190018 -18.382667747895955 -18.11815546660667
44638177821.79007 -18.59597343797927 -18.412000653197346 -18.144985528273907
45450037572.07661 -18.625379519367133 -18.44186705261376 -18.172303563425462
46276663074.154686 -18.654381505263775 -18.471152040425938 -18.19926367997567
47118322881.09101 -18.682024452539924 -18.49871004511704 -18.224996705358606
47975290430.27912 -18.710170157710056 -18.526769262803352 -18.25119775180739
48847844132.2727 -18.73882776471593 -18.555338809328692 -18.277875331485465
49736267461.23536 -18.76494920388799 -18.582531756741247 -18.302813318216955
50640849047.035484 -18.790902404544624 -18.609820283426124 -18.32773673249847
51561882769.01584 -18.817327630719152 -18.637605121957524 -18.353113442991482
52499667851.468994 -18.843436837948182 -18.665001226357468 -18.378137782214534
53454508960.84809 -18.868317346453154 -18.690983658952618 -18.401876733903052
54426716304.74775 -18.893650370818037 -18.717438648723437 -18.426047439312942
55416605732.683105 -18.919444141204337 -18.744374790334167 -18.45065775099298
56424498838.7028 -18.943777450009602 -18.769779710623485 -18.473633487813107
57450723065.86805 -18.96810761470038 -18.795179833104754 -18.496546143652182
58495611812.631996 -18.992880285837302 -18.821041921958777 -18.51987552490335
59559504541.1537 -19.017528681632477 -18.846469218831366 -18.54346211718981
60642746887.582245 -19.041315192845687 -18.870295892906945 -18.56709684470291
61745690774.34681 -19.065534322772212 -18.894555916160503 -18.59116143035345
62868694524.4878 -19.09019393969291 -18.919257170158268 -18.61566369221413
64012122978.06987 -19.113543405170642 -18.942081123121195 -18.638946720487702
65176347610.70973 -19.13687390153267 -18.96473328833419 -18.662233228305276
66361746654.26095 -19.16062872280837 -18.987797441269144 -18.685943260992016
67568705219.6934 -19.18444866719081 -19.010698198114945 -18.709004259007514
68797615422.20767 -19.207809045115713 -19.03259719949772 -18.729856170175683
70048876508.62527 -19.231594291427154 -19.054894490386516 -18.751087326828774
71322894987.09425 -19.255812133446415 -19.07759731469751 -18.772704626518603
72620084759.15678 -19.27942900552269 -19.09948162260596 -18.794150168432807
73940867254.21588 -19.303189767583493 -19.121426198554932 -18.815830805756434
75285671566.44913 -19.32738268004323 -19.143769892900295 -18.83790576107561
76654934594.2122 -19.351473341944452 -19.166322819171384 -18.859677460563432
78049101181.978 -19.374591024029783 -19.188772894716823 -18.88001116822394
79468624264.857 -19.39812916045534 -19.21163128246531 -18.90071469650951
80913965015.7464 -19.422095398261668 -19.234905408621472 -18.921794771556716
82385592995.15565 -19.445499205725127 -19.257018721627713 -18.940301610822686
83883986303.75539 -19.469032091841402 -19.279063614745994 -18.9582666904231
85409631737.70412 -19.49299298384811 -19.30150945078568 -18.976558511072312
86963024946.79672 -19.517044692383102 -19.323816527852507 -18.995387950750906
88544670595.49083 -19.540571753985173 -19.345003817796783 -19.015131391342756
90155082526.86154 -19.56452671554395 -19.36657645294919 -19.035233917039122
91794783929.5382 -19.588917359517605 -19.388541441800662 -19.0557020587236
93464307507.6776 -19.612273669818244 -19.410067805244086 -19.07499801213259
95164195654.02676 -19.63558079254892 -19.431716893578635 -19.094149598683256
96895000626.13702 -19.659311815083836 -19.453759726109446 -19.113649505954736
98657284725.77939 -19.68308487376572 -19.47589341852459 -19.13302060417671
100451620481.62468 -19.706123234950894 -19.49750084423465 -19.151295666738203
102278590835.24605 -19.72958060782229 -19.5195012563993 -19.169903108183686
104138789330.50423 -19.753464613182082 -19.541901802485125 -19.188848973675636
106032820306.3774 -19.776572795664958 -19.563686022054046 -19.20787861673358
107961299093.298 -19.799683493592397 -19.585513049219593 -19.227164333952274
109924852213.06107 -19.823214518835243 -19.60773705685542 -19.246800811401993
111924117582.36598 -19.846771812782126 -19.62997857695453 -19.26641313359353
113959744720.06477 -19.869461460564107 -19.651376966800704 -19.28515190782976
116032394958.17519 -19.8925637777847 -19.673164541248152 -19.304231494736094
118142741656.73392 -19.916086269896052 -19.695348378617012 -19.323658092865045
120291470422.55692 -19.939213090073107 -19.716935577467982 -19.342686367380814
122479279331.97849 -19.962455333553233 -19.73854473975678 -19.361782148596642
124706879157.64201 -19.98612029684203 -19.760546920084305 -19.381225235570145
126974993599.41283 -20.00981040998596 -19.782666122946843 -19.400448955091537
129284359519.49596 -20.03251888376265 -19.80420073921779 -19.418025183086463
131635727181.82504 -20.055640369376945 -19.82612701771694 -19.435921079866432
134029860495.80754 -20.0791823785084 -19.84845208182642 -19.454142459428184
136467537264.50278 -20.102643428658247 -19.87024514822698 -19.47221189929904
138949549437.3136 -20.12632905221031 -19.892062175122906 -19.49041809043214
141476703367.2739 -20.15044545957481 -19.914276000608556 -19.508955407845665
144049820073.0156 -20.17445539395344 -19.936544879751285 -19.527404474456567
146669735505.50076 -20.196842593585895 -19.957900359408914 -19.544581878260846
149337300819.60193 -20.219636961861646 -19.97964424323597 -19.562071697209372
152053382650.6278 -20.242845904186776 -20.001783595358457 -19.579879613372814
154818863395.8723 -20.265870442218716 -20.02277261018789 -19.59782598068903
157634641501.28732 -20.289056323067154 -20.043484243391596 -19.61602004823065
160501631753.36856 -20.312663898625235 -20.064572570765655 -19.63454502155408
163420765576.35052 -20.33632658570387 -20.085833749053524 -19.652999686934653
166392991334.8069 -20.35888088135829 -20.106615336362534 -19.670115643679203
169419274641.75143 -20.38184538472573 -20.127774890136713 -19.68754289799562
172500598672.34918 -20.405227556485542 -20.149319284665633 -19.705287111628653
175637964483.3265 -20.427793129537957 -20.17021579938522 -19.72326945524
178832391338.19382 -20.45020664467314 -20.19102145592219 -19.741540539146122
182084917038.3826 -20.47302780706654 -20.21220551668498 -19.76014392957418
185396598260.40512 -20.49612477418853 -20.23356860436216 -19.77879300965222
188768510899.14618 -20.51901587281269 -20.254393116383216 -19.79646578745637
192201750417.39844 -20.542323304775707 -20.27559637556543 -19.814459990051475
195697432201.75586 -20.566054642167142 -20.297185270397332 -19.832781463371745
199256691924.97592 -20.589170036444614 -20.318355992238885 -19.85026758716992
202880685914.94037 -20.612200304189063 -20.339520464653102 -19.867507801714456
206570591530.31833 -20.635649436419754 -20.361069867280147 -19.88506157377764
210327607543.06604 -20.659252986788733 -20.382720209535776 -19.902641488023725
214152954527.88232 -20.6819417426845 -20.403326727512038 -19.919093040455998
218047875258.74734 -20.705043151797643 -20.424308027868648 -19.935843806563675
222013635112.67447 -20.72856471928528 -20.44567092698443 -19.952899228314866
226051522480.80075 -20.751195471567506 -20.46635108047755 -19.970206427687295
230162849186.96317 -20.7735607392665 -20.48685727206962 -19.987798405884885
234348950913.87885 -20.796332776720337 -20.507736421349428 -20.00571033932535
238611187637.08078 -20.819218052415366 -20.528752796618825 -20.023725367774915
242950944066.74512 -20.840875225587595 -20.548826266704324 -20.040851288061777
247369630097.55396 -20.8629262899996 -20.56926482432714 -20.05828868713308
251868681266.74026 -20.885378409573814 -20.59007510954049 -20.07604323002938
256449559220.46347 -20.90790205948688 -20.609930607186474 -20.093059013757806
261113752188.66815 -20.93065156469049 -20.629419687382292 -20.10980494163049
265862775468.5743 -20.953814827993437 -20.649263226486443 -20.12685543715096
270698171916.97137 -20.977082166641342 -20.669283327080542 -20.144031400968153
275621512451.45557 -20.998841147802796 -20.6885450414674 -20.160395457199723
280634396560.78864 -21.02099587184343 -20.708157079532224 -20.177057135763878
285738452824.5377 -21.043553536362477 -20.728125812809598 -20.19402184968607
290935339442.1664 -21.065972286173043 -20.748032814707557 -20.21099477680798
296226744771.74945 -21.088480653395756 -20.76805573700696 -20.22810242619767
301614387878.4801 -21.11139839300516 -20.788442827502536 -20.245521222068664
307100019093.1646 -21.134425515010552 -20.808980001399384 -20.26308043581728
312685420580.86285 -21.155766198965892 -20.828379339501673 -20.279751148398837
318372406919.8773 -21.17749501799288 -20.84813150432216 -20.296725060645212
324162825691.27075 -21.199619031323262 -20.868242912919644 -20.314007687019945
330058558079.1063 -21.221095965503622 -20.887616272622605 -20.33004402250213
336061519481.60406 -21.24231878434732 -20.906663859141016 -20.3454132649259
342173660133.4132 -21.263927594583308 -20.926057874872914 -20.36106203644169
348396965739.20337 -21.285768528561523 -20.945638467386026 -20.376910579454012
354733458118.7723 -21.306753717269196 -20.9642811993446 -20.392386631450893
361185195863.9004 -21.32812057545567 -20.98326299719814 -20.40814415514583
367754275007.1381 -21.349876044759316 -21.002590027729564 -20.42418826982356
374442829702.7636 -21.37130331523198 -21.0207253162305 -20.439609286163943
381253032920.12415 -21.39264905116714 -21.038185783479115 -20.45471517230596
388187097149.5878 -21.414383014057158 -21.0559638141067 -20.470095797730572
395247275121.33624 -21.43633438679971 -21.07406839500234 -20.48575249837178
402435860537.2221 -21.457087015640155 -21.092531102152428 -20.501661068146312
409755188815.95404 -21.478217084261757 -21.11132960098461 -20.517858976063994
