MUV-vs-Mhalo_z4.3.ecsv
# %ECSV 1.0
# ---
# datatype:
# - {name: Mhalo, unit: solMass, datatype: float64}
# - {name: MUV_16, unit: mag(AB), datatype: float64}
# - {name: MUV_50, unit: mag(AB), datatype: float64}
# - {name: MUV_84, unit: mag(AB), datatype: float64}
# meta: !!omap
# - {Description: 'MUV vs Mhalo relationship at z~4.3. This includes the log Mhalo range [10,14]'}
# schema: astropy-2.0
Mhalo MUV_16 MUV_50 MUV_84
10000000000.0 -15.260964204402617 -14.984117322220117 -14.657893698592394
10181875647.686098 -15.290791177769474 -15.016087170213876 -14.693355060572522
10367059170.49432 -15.320994157448087 -15.0480829190581 -14.727028160413576
10555610730.617697 -15.35174645577581 -15.080660592656749 -14.76131369193895
10747591584.45304 -15.383058063521153 -15.113830774803985 -14.796222793789566
10943064102.50189 -15.413067108560536 -15.14417099336402 -14.829877070428886
11142091789.633192 -15.443607012507227 -15.175035640979447 -14.864128362738105
11344739305.714943 -15.474702362934977 -15.206461641372439 -14.899002602644606
11551072486.620626 -15.504862652893383 -15.23763108877997 -14.93334325089897
11761158365.617947 -15.533965521220107 -15.268481176845416 -14.967058609072769
11975065195.1465 -15.563597699849474 -15.29989235288567 -15.00138716750705
12192862468.991552 -15.5937688156469 -15.331874821724615 -15.036340078821269
12414620944.86114 -15.6219148272984 -15.362295568506033 -15.069972962922773
12640412667.373543 -15.650515495435013 -15.39322191805258 -15.104174045150492
12870310991.463354 -15.679636340075781 -15.424710742584562 -15.138997161776386
13104390606.212746 -15.709297680087786 -15.455830344889398 -15.174053639279219
13342727559.116402 -15.739510765219848 -15.486450874008886 -15.209295432687805
13585399280.787748 -15.770273352794609 -15.517628315984984 -15.24517818849657
13832484610.1145 -15.801595436923336 -15.549372799706342 -15.281713564250683
14084063819.871758 -15.831049665349376 -15.580884526098925 -15.314400128905483
14340218642.800909 -15.86094961042621 -15.612939467872584 -15.34751456910792
14601032298.162937 -15.891393362690717 -15.645577410975912 -15.381231280336323
14866589518.77434 -15.920622137750861 -15.677421982868166 -15.414349637224243
15136976578.535385 -15.948269166796642 -15.708188466493745 -15.446622650111172
15412281320.458427 -15.97641902797385 -15.739514517532966 -15.47948263051026
15692593185.2063 -16.00508086657445 -15.771410313154409 -15.512940253931152
15978003240.149685 -16.03322292517539 -15.8025721737345 -15.546647985016168
16268604208.952965 -16.061822670794193 -15.834232446204803 -15.580950136139139
16564490501.698244 -16.09094257613881 -15.866468541931258 -15.615876159857367
16865758245.556904 -16.120072122562927 -15.897947981074326 -15.649460071804794
17172505316.019686 -16.149074736876436 -15.928303820739975 -15.681157446830017
17484831368.69409 -16.17860483811623 -15.959211759205647 -15.713431319916504
17802837871.680435 -16.20867201998494 -15.990681837804031 -15.746292176160086
18126628138.536682 -16.238317226348975 -16.020580462486976 -15.778598637480197
18456307361.842827 -16.268436161914813 -16.050878053608507 -15.811414852436503
18791982647.375713 -16.299102887572015 -16.081726684130896 -15.844827914427787
19133763048.90545 -16.328760441926967 -16.11239684950251 -15.877427950663009
19481759603.624733 -16.356864852134347 -16.142637232646806 -15.908723596693271
19836085368.222145 -16.38548041312265 -16.173427614718157 -15.940588434312678
20196855455.61236 -16.41461642147982 -16.204777998857686 -15.973032815730129
20564187072.33356 -16.44277362160568 -16.235538044786434 -16.00344527689257
20938199556.625435 -16.471316877182332 -16.266760577774168 -16.03419179507511
21319014417.19964 -16.50037926506849 -16.29855097260286 -16.065497517548504
21706755372.715385 -16.52927769595411 -16.330214855751304 -16.0972069901461
22101548391.973106 -16.557723396139632 -16.36145911207945 -16.1292592065633
22503521734.83868 -16.586686454339663 -16.393271625343207 -16.161894374742563
22912805993.91288 -16.6161762800366 -16.4256627307524 -16.195123097156817
23329534136.95776 -16.64398599667738 -16.45469877518981 -16.225178189073564
23753841550.095177 -16.672079782604406 -16.48386836166018 -16.255401982341514
24185866081.790825 -16.700684526082576 -16.513568471873747 -16.286175472807077
24625748087.63832 -16.7292170591781 -16.543524419219562 -16.31718248566548
25073630475.957714 -16.75738269978221 -16.573600062386596 -16.348265757380915
25529658754.223385 -16.786060604799054 -16.604222708261688 -16.379914358113894
25993981076.336437 -16.815260091070826 -16.63540230549203 -16.41213856982255
26466748290.756325 -16.84418091369775 -16.664227904018514 -16.44258238814586
26948113989.50895 -16.873532978992298 -16.693235938308007 -16.473302975058736
27438234558.085022 -16.903418886875485 -16.722771558099947 -16.50458229463582
27937269226.246502 -16.932704289367148 -16.752260877231727 -16.53538030638464
28445380119.756954 -16.960710729552922 -16.781362603400883 -16.56507548375448
28962732313.052757 -16.989226538683514 -16.81099361909962 -16.59531074408605
29489493882.872437 -17.018260980939605 -16.84116355081554 -16.626095910173202
30025835962.860703 -17.04546021928195 -16.87016633166474 -16.656061454119584
30571932799.166885 -17.072836193633258 -16.899465751275024 -16.686386397864645
31127961807.05332 -17.100710070291186 -16.929298055977153 -16.717262878488178
31694103628.533916 -17.128942307207154 -16.958766558907328 -16.7476419574973
32270542191.06091 -17.157438636072847 -16.987249894251836 -16.77679634484889
32857464767.278988 -17.18645324376545 -17.01625127210275 -16.806480979508727
33455062035.86619 -17.2159955565147 -17.045780114391707 -16.836705505384074
34063528143.48137 -17.244313850439568 -17.073644968874728 -16.864671981808186
34683060767.83844 -17.272878391345422 -17.101680717465896 -16.892718610408284
35313861181.92713 -17.30196245168908 -17.130226368050398 -16.921275338882584
35956134319.40313 -17.33030512386062 -17.15897496434438 -16.95014050594098
36610088841.16611 -17.35690178474327 -17.187683472921854 -16.979155145742812
37275937203.14938 -17.38398217411835 -17.216914119358492 -17.00869749118528
37953895725.34229 -17.411555089829154 -17.246676400070424 -17.0387771399489
38644184662.06802 -17.43885074321252 -17.27448993018517 -17.06706990003274
39347028273.539665 -17.466509470234357 -17.302382875001157 -17.095477522716365
40062654898.71699 -17.494671242145316 -17.330783124557566 -17.124401810877465
40791297029.48987 -17.522706580129814 -17.35913650999265 -17.152856735928463
41533191386.20932 -17.55004467466193 -17.386940641310588 -17.179947628278722
42288578994.59307 -17.577879982559 -17.415250462067707 -17.207531237988235
43057705264.0297 -17.6062215469213 -17.444075169523433 -17.235616526385897
43840820067.30695 -17.6335019080684 -17.471602548111772 -17.261915438454587
44638177821.79007 -17.660978047955307 -17.499283537608108 -17.288255008069893
45450037572.07661 -17.688953911916002 -17.527467976893764 -17.315073630313552
46276663074.154686 -17.716698314402517 -17.555457996984053 -17.341926053902107
47118322881.09101 -17.743459933226802 -17.582536505331383 -17.368354736101033
47975290430.27912 -17.770708280726765 -17.610107505803118 -17.395264091669198
48847844132.2727 -17.798452209311723 -17.638179955631667 -17.422662862884643
49736267461.23536 -17.825232040030624 -17.664789635934763 -17.44867333166311
50640849047.035484 -17.852189893211712 -17.691468057978557 -17.474759891251473
51561882769.01584 -17.879638044093554 -17.718631695551196 -17.501320901831942
52499667851.468994 -17.90682409203776 -17.745678576215177 -17.52763715831211
53454508960.84809 -17.932876538656878 -17.771911207056217 -17.55287559781639
54426716304.74775 -17.959402815836263 -17.79862094556973 -17.57857306307381
55416605732.683105 -17.986411541399917 -17.82581646918241 -17.60473790264499
56424498838.7028 -18.0122351389367 -17.852090671787867 -17.628719170849365
57450723065.86805 -18.038141191170528 -17.878515675483044 -17.652522305030608
58495611812.631996 -18.064518411407256 -17.905421285644437 -17.676758360256464
59559504541.1537 -18.09085068344934 -17.931941885693615 -17.70103032216186
60642746887.582245 -18.116465987738135 -17.956951954537242 -17.724820892177252
61745690774.34681 -18.142547172032756 -17.98241689562784 -17.749044154725688
62868694524.4878 -18.169102709555972 -18.008344981983843 -17.773707979430625
64012122978.06987 -18.19484361893704 -18.033427611213167 -17.797297347921727
65176347610.70973 -18.22072535650815 -18.058634197920494 -17.820931547993514
66361746654.26095 -18.24707781985766 -18.084299231056153 -17.844995596609856
67568705219.6934 -18.273234945487363 -18.10999604468294 -17.86925015984651
68797615422.20767 -18.298226298530675 -18.135101762808503 -17.893344481115
70048876508.62527 -18.323672183426126 -18.160664092808542 -17.917877019412124
71322894987.09425 -18.349580867001198 -18.18669133934109 -17.94285574483846
72620084759.15678 -18.374824544029195 -18.211966874059737 -17.965710912515508
73940867254.21588 -18.400215700053202 -18.23736609430151 -17.988274707032687
75285671566.44913 -18.42606865937195 -18.2632272645065 -18.011248882024077
76654934594.2122 -18.4517594746027 -18.288734422679813 -18.034251557825733
78049101181.978 -18.476271981924125 -18.312560244255256 -18.056659403986426
79468624264.857 -18.501230312060102 -18.33681939950377 -18.07947479430049
80913965015.7464 -18.526642573441944 -18.361519769709595 -18.102705141003614
82385592995.15565 -18.550880162327566 -18.385384766505098 -18.125635659452385
83883986303.75539 -18.575072296739894 -18.4093021774893 -18.148768638365617
85409631737.70412 -18.599704427163736 -18.433654587934875 -18.172322349831123
86963024946.79672 -18.624319981591835 -18.457984063781705 -18.19614439331237
88544670595.49083 -18.64808759252586 -18.481456847904756 -18.219953334823746
90155082526.86154 -18.672287478423144 -18.50535654480934 -18.24419530300093
91794783929.5382 -18.696927501312576 -18.529690918999332 -18.26887817354445
93464307507.6776 -18.721222131311894 -18.553060669570396 -18.29035758998926
95164195654.02676 -18.74570413128668 -18.576404161554702 -18.31105633163514
96895000626.13702 -18.77063139922167 -18.600172214811394 -18.332131532985336
98657284725.77939 -18.795497349499012 -18.623740978599745 -18.353007213603906
100451620481.62468 -18.819273676957188 -18.645846355983355 -18.372516556385282
102278590835.24605 -18.843482437910968 -18.668353776349864 -18.392380726602084
104138789330.50423 -18.868131497272564 -18.691270551882063 -18.41260617770128
106032820306.3774 -18.892264565566578 -18.713979077971732 -18.432172050626306
107961299093.298 -18.91650368014437 -18.736884849675093 -18.451739110354513
109924852213.06107 -18.941183645188488 -18.76020722158489 -18.471662047248866
111924117582.36598 -18.96571285171396 -18.783553513864756 -18.491771808858413
113959744720.06477 -18.988753488103704 -18.8060329897062 -18.511680986617364
116032394958.17519 -19.012213177560096 -18.828921312470474 -18.531952263836295
118142741656.73392 -19.036099541637924 -18.85222591808747 -18.55259222622259
120291470422.55692 -19.059758559176696 -18.87370776197489 -18.572200583769654
122479279331.97849 -19.083602610587718 -18.89474767895158 -18.59164411605541
124706879157.64201 -19.107880327228127 -18.916170260781012 -18.611441278843948
126974993599.41283 -19.13197200477592 -18.93775003714752 -18.630874105555
129284359519.49596 -19.154314415639213 -18.958912175098327 -18.64813551835265
131635727181.82504 -19.17706318054717 -18.980459200803757 -18.665710874213552
134029860495.80754 -19.200225690090292 -19.002398114434776 -18.683605882997504
136467537264.50278 -19.22297985963871 -19.02341794133495 -18.70142517190797
138949549437.3136 -19.24581851539838 -19.044296778454004 -18.719409278427467
141476703367.2739 -19.26907255068891 -19.06555535077545 -18.737720472049087
144049820073.0156 -19.292396556422965 -19.08698634569938 -18.75576353597309
146669735505.50076 -19.314811232489284 -19.107997774846552 -18.771863488470064
149337300819.60193 -19.337633576928315 -19.129391350722216 -18.788256259895846
152053382650.6278 -19.36087100423501 -19.151174023644753 -18.804947175913668
154818863395.8723 -19.383073921935978 -19.172204552846456 -18.821244049114046
157634641501.28732 -19.405062219137594 -19.193130209319836 -18.837541244401496
160501631753.36856 -19.427450429918718 -19.214436452525657 -18.854134845983786
163420765576.35052 -19.450007477260804 -19.23589581602071 -18.870833469053945
166392991334.8069 -19.471994793098286 -19.25678177410972 -18.887026746732385
169419274641.75143 -19.494382004666644 -19.27804759691422 -18.903514540697415
172500598672.34918 -19.51717638509539 -19.299700193248338 -18.920302207483076
175637964483.3265 -19.539489778295156 -19.320308656951582 -18.935654590816302
178832391338.19382 -19.561803375784297 -19.34064065948082 -18.95049783111138
182084917038.3826 -19.584522803272993 -19.361342451622928 -18.9656110338007
185396598260.40512 -19.607244911188484 -19.38217737307544 -18.981084500102195
188768510899.14618 -19.62853498061882 -19.402297233377805 -18.9972232171106
192201750417.39844 -19.650212264565845 -19.422783024942554 -19.01365545807988
195697432201.75586 -19.67228380551867 -19.443641403168225 -19.030386561496087
199256691924.97592 -19.69351736899058 -19.46336701677293 -19.046158390186722
202880685914.94037 -19.71453899705691 -19.482721656305543 -19.061607284774965
206570591530.31833 -19.735942957345234 -19.50242830959823 -19.077337157134135
210327607543.06604 -19.757422578554937 -19.522174771712017 -19.092789417915306
214152954527.88232 -19.7777434539227 -19.540706352282292 -19.105737860997582
218047875258.74734 -19.79843391652737 -19.559574977174456 -19.118921804727073
222013635112.67447 -19.81950068826076 -19.578786776403945 -19.132345532287054
226051522480.80075 -19.840100648183142 -19.59706425401476 -19.14667885797884
230162849186.96317 -19.86063883094237 -19.6150149806258 -19.16161456903145
234348950913.87885 -19.88155055323076 -19.63329218723972 -19.176821924296192
238611187637.08078 -19.902545373021496 -19.651638704412797 -19.192108683140205
242950944066.74512 -19.922297891388613 -19.668881237709382 -19.206596039998264
247369630097.55396 -19.942409659962873 -19.68643737069707 -19.221346886597505
251868681266.74026 -19.96288721263069 -19.704312806990558 -19.236366015174664
256449559220.46347 -19.98326251414272 -19.72169602071588 -19.250628878477595
261113752188.66815 -20.00374936554973 -19.73894939125349 -19.264589412105945
265862775468.5743 -20.024608822893605 -19.75651655858523 -19.278803853843865
270698171916.97137 -20.04558636663322 -19.774186575188498 -19.292869388188038
275621512451.45557 -20.065354362804005 -19.79085871876676 -19.304709808360304
280634396560.78864 -20.08548189068549 -19.807834088036184 -19.316765576941343
285738452824.5377 -20.105975489283953 -19.825118197933666 -19.329040610594287
290935339442.1664 -20.12548773495808 -19.841540985658153 -19.34051234795164
296226744771.74945 -20.144570483473778 -19.857581430133063 -19.35159808017724
301614387878.4801 -20.164000300714065 -19.87391361123078 -19.362885434875697
307100019093.1646 -20.183667677581138 -19.890506823660342 -19.37432597576651
312685420580.86285 -20.202899638404016 -19.907155229571494 -19.38561780116419
318372406919.8773 -20.22248138175999 -19.92410642944345 -19.39711499736765
324162825691.27075 -20.24241926934153 -19.941365930360984 -19.40882129957172
330058558079.1063 -20.261594742539987 -19.957555489142194 -19.420102648039403
336061519481.60406 -20.280427813545263 -19.973189338537047 -19.431197310539456
342173660133.4132 -20.299603412249244 -19.989107529580348 -19.44249375793231
348396965739.20337 -20.318963801329065 -20.00530448635345 -19.453944584246422
354733458118.7723 -20.337399349770763 -20.02171232665448 -19.4652058988842
361185195863.9004 -20.356170195943786 -20.0384185856137 -19.476672029411336
367754275007.1381 -20.37528243809734 -20.055428690739785 -19.488346700930077
374442829702.7636 -20.393613695361392 -20.07190278239885 -19.499573058126703
381253032920.12415 -20.41154364154582 -20.088126151551403 -19.51057351352534
388187097149.5878 -20.429799689787774 -20.104644584281182 -19.52177404041903
395247275121.33624 -20.448235318929648 -20.121206232471447 -19.533115948874105
402435860537.2221 -20.46563667713154 -20.135758382044024 -19.54410420211864
