MUV-vs-Mhalo_z5.4.ecsv
# %ECSV 1.0
# ---
# datatype:
# - {name: Mhalo, unit: solMass, datatype: float64}
# - {name: MUV_16, unit: mag(AB), datatype: float64}
# - {name: MUV_50, unit: mag(AB), datatype: float64}
# - {name: MUV_84, unit: mag(AB), datatype: float64}
# meta: !!omap
# - {Description: 'MUV vs Mhalo relationship at z~5.4. This includes the log Mhalo range [10,14]'}
# schema: astropy-2.0
Mhalo MUV_16 MUV_50 MUV_84
10000000000.0 -15.580548874508992 -15.36643174258269 -15.076662507173646
10181875647.686098 -15.612981535795292 -15.39973973202337 -15.113030495566312
10367059170.49432 -15.644459609754074 -15.432424556935029 -15.149336214726722
10555610730.617697 -15.676510193221771 -15.46570383921672 -15.186302246505832
10747591584.45304 -15.70914369875216 -15.499588390600362 -15.223940600382162
10943064102.50189 -15.739214641246642 -15.532415401478186 -15.258590497579153
11142091789.633192 -15.769807326125013 -15.565826104373139 -15.2938412939362
11344739305.714943 -15.800956417441055 -15.599844466590959 -15.329733216435137
11551072486.620626 -15.831925412908378 -15.632873208396184 -15.365487254219975
11761158365.617947 -15.86265861822652 -15.66478141334472 -15.40104538808901
11975065195.1465 -15.893950785706933 -15.697269950837406 -15.43725023782084
12192862468.991552 -15.925812081510145 -15.730349375709979 -15.474113565602105
12414620944.86114 -15.957499201146042 -15.762384316475659 -15.507970021984155
12640412667.373543 -15.98974586849027 -15.794965279598141 -15.542360448779814
12870310991.463354 -16.02257902418539 -15.828138811097636 -15.577376353690239
13104390606.212746 -16.054398425744306 -15.86097105437936 -15.612096360824198
13342727559.116402 -16.084975045460844 -15.89333231269584 -15.646393152299156
13585399280.787748 -16.11610777942888 -15.926282143493944 -15.68131371889042
13832484610.1145 -16.147806742012385 -15.959831251473803 -15.716869405548318
14084063819.871758 -16.178386385199527 -15.990823145333959 -15.750279995336449
14340218642.800909 -16.209459593592214 -16.02226177855424 -15.784195181190833
14601032298.162937 -16.24109794797512 -16.054272203952454 -15.818727201684592
14866589518.77434 -16.272324525337478 -16.08614985351897 -15.852638632380861
15136976578.535385 -16.302939455087305 -16.11775298276316 -15.8856748563567
15412281320.458427 -16.334111195854845 -16.149930895967373 -15.919311928795807
15692593185.2063 -16.36584987467654 -16.182694047052102 -15.953560777668528
15978003240.149685 -16.39641524476578 -16.212968883017204 -15.9869129739379
16268604208.952965 -16.427445473786463 -16.24363392804327 -16.020792729700844
16564490501.698244 -16.45904006710725 -16.27485669556189 -16.05528867571608
16865758245.556904 -16.490330570682975 -16.30603903947695 -16.089181250639395
17172505316.019686 -16.5210803609818 -16.337020251361768 -16.122135802656008
17484831368.69409 -16.552389415083304 -16.36856493604435 -16.155689717721845
17802837871.680435 -16.584267904634128 -16.400683341722704 -16.18985389679118
18126628138.536682 -16.614180633368452 -16.43124081975872 -16.221615029849602
18456307361.842827 -16.644465447524574 -16.462209161704827 -16.253749519150443
18791982647.375713 -16.67530106869966 -16.493740742375852 -16.286468456556747
19133763048.90545 -16.706055652154113 -16.524777251152422 -16.319203581359336
19481759603.624733 -16.736512413788112 -16.554951241551528 -16.351761001511417
19836085368.222145 -16.76752310974696 -16.585674023355335 -16.384910561851207
20196855455.61236 -16.799097814747082 -16.61695557774307 -16.418663031966727
20564187072.33356 -16.829661220335304 -16.646783963322157 -16.44970049236796
20938199556.625435 -16.860648023890015 -16.676985905401427 -16.48102431630765
21319014417.19964 -16.89219840194135 -16.707737147258403 -16.512917844324043
21706755372.715385 -16.923255972821927 -16.738454292602135 -16.544777347456392
22101548391.973106 -16.953371599070394 -16.768891844181898 -16.576348785782894
22503521734.83868 -16.984034955221798 -16.799882980702414 -16.608494431688786
22912805993.91288 -17.01525600314923 -16.831437770525646 -16.641224728611622
23329534136.95776 -17.045345031064464 -16.86141642343725 -16.673120614738032
23753841550.095177 -17.07581126133837 -16.89172523712948 -16.705453590804886
24185866081.790825 -17.106831598148638 -16.922585294333796 -16.73837462496812
24625748087.63832 -17.137672644030502 -16.95285757541026 -16.77058303463613
25073630475.957714 -17.167962991622453 -16.981962417593383 -16.801416504200223
25529658754.223385 -17.198804246873095 -17.011596605978795 -16.832810759489057
25993981076.336437 -17.230206429451158 -17.041769768084837 -16.864775999829323
26466748290.756325 -17.258786454871537 -17.0714572175445 -16.89540502653957
26948113989.50895 -17.287489190924155 -17.101563551056195 -16.92636672048093
27438234558.085022 -17.316713959847768 -17.13221744545858 -16.957891532236193
27937269226.246502 -17.345698687177514 -17.162171993358253 -16.988895130669356
28445380119.756954 -17.37398881164369 -17.19068111835211 -17.018729374180747
28962732313.052757 -17.40279346458091 -17.219708754903287 -17.049106229928324
29489493882.872437 -17.432122004009067 -17.24926433347433 -17.08003556670728
30025835962.860703 -17.460362238288837 -17.277600748662415 -17.10992312551418
30571932799.166885 -17.48889790912066 -17.306216188615107 -17.140138424364203
31127961807.05332 -17.51795257431395 -17.335352073735322 -17.170903265919062
31694103628.533916 -17.547052580140473 -17.36429515033334 -17.200667840250407
32270542191.06091 -17.575871094621178 -17.392551729098265 -17.228356021199914
32857464767.278988 -17.60521374770053 -17.421322226219615 -17.25654778273377
33455062035.86619 -17.635090072183253 -17.450615988620783 -17.28525228375646
34063528143.48137 -17.663954455513224 -17.478538167640078 -17.312997742589445
34683060767.83844 -17.69310645577916 -17.50667755944355 -17.341021793214136
35313861181.92713 -17.722788659938058 -17.535328738257984 -17.369555533074635
35956134319.40313 -17.7519214561161 -17.56378093204603 -17.398185606950783
36610088841.16611 -17.77964500916892 -17.591468711214162 -17.426584032391688
37275937203.14938 -17.807872786138503 -17.619660063659214 -17.455498956034624
37953895725.34229 -17.836613957629996 -17.648364148152776 -17.484939771724097
38644184662.06802 -17.86460660176453 -17.675726625853176 -17.512002511213876
39347028273.539665 -17.892890648558986 -17.703267589985806 -17.539058485514026
40062654898.71699 -17.921689113286426 -17.731309457187383 -17.566606542099134
40791297029.48987 -17.949914881104473 -17.75918102604488 -17.593942063193797
41533191386.20932 -17.976581451903225 -17.78627358224618 -17.620425961687012
42288578994.59307 -18.00373302268554 -17.81385888606814 -17.647391537799397
43057705264.0297 -18.031378414420026 -17.841945899390023 -17.674847552073846
43840820067.30695 -18.059466340814993 -17.868435629803425 -17.70190416205883
44638177821.79007 -18.0880536360681 -17.89500550814013 -17.729281634860033
45450037572.07661 -18.117160864605182 -17.922058627859975 -17.757157037221006
46276663074.154686 -18.1455179269381 -17.949120827300742 -17.784272200513257
47118322881.09101 -18.17181980388716 -17.97570485978142 -17.809334367315984
47975290430.27912 -18.198600047926767 -18.00277239107465 -17.834852353900672
48847844132.2727 -18.225867359389365 -18.030332214846403 -17.860834450519135
49736267461.23536 -18.252346792884698 -18.056322177729776 -17.8858762112918
50640849047.035484 -18.279037688961413 -18.08234903919228 -17.91107612566788
51561882769.01584 -18.306214027439253 -18.108849265883357 -17.936734365118834
52499667851.468994 -18.333080354704506 -18.135004865863923 -17.96229432651039
53454508960.84809 -18.35871538740249 -18.159868517254544 -17.987111061019288
54426716304.74775 -18.38481665891802 -18.185184377915213 -18.01237915149441
55416605732.683105 -18.41139264899978 -18.210960672431323 -18.038106807001633
56424498838.7028 -18.43646226497465 -18.235988252281725 -18.06314626085392
57450723065.86805 -18.461528237154976 -18.261189792128867 -18.088374072658283
58495611812.631996 -18.487050098327817 -18.28684968661425 -18.114060716923813
59559504541.1537 -18.512396363762264 -18.31232758052706 -18.13926309969625
60642746887.582245 -18.53674540846708 -18.33679032749332 -18.162755288704066
61745690774.34681 -18.56153730299953 -18.36169799225445 -18.186674743421026
62868694524.4878 -18.586780101719516 -18.38705866678165 -18.211029234769875
64012122978.06987 -18.61111054567551 -18.411197188194254 -18.234218675887796
65176347610.70973 -18.635537535126705 -18.435350073593273 -18.257424240756624
66361746654.26095 -18.660408792030644 -18.459942241159833 -18.2810518583395
67568705219.6934 -18.68496640697236 -18.48430579396784 -18.304518750876955
68797615422.20767 -18.70810684819667 -18.507467883857522 -18.326975748099677
70048876508.62527 -18.731668157694525 -18.531051235757253 -18.3498411834139
71322894987.09425 -18.7556579900349 -18.555063511397115 -18.37312248531386
72620084759.15678 -18.779273186387375 -18.57815807424562 -18.394751895796194
73940867254.21588 -18.803095458330713 -18.601301177076095 -18.41620547532205
75285671566.44913 -18.82735099938796 -18.624865196588242 -18.438049243215055
76654934594.2122 -18.851283765253037 -18.648154803344603 -18.460001093441218
78049101181.978 -18.8736638419914 -18.670038606999473 -18.481599599630965
79468624264.857 -18.896450957824975 -18.6923204237507 -18.50359093005094
80913965015.7464 -18.91965251580366 -18.71500749248725 -18.525982229217277
82385592995.15565 -18.942762151230784 -18.736874754281843 -18.546908555374152
83883986303.75539 -18.96613942486375 -18.758773598976116 -18.567659283677614
85409631737.70412 -18.98994187417503 -18.781070730326626 -18.58878741719609
86963024946.79672 -19.013807857866805 -18.803353453455433 -18.60985412698463
88544670595.49083 -19.037077766887492 -18.82487028805234 -18.63006100641887
90155082526.86154 -19.06077089888565 -18.8467784614721 -18.650635399781592
91794783929.5382 -19.084894951256594 -18.869085091214888 -18.67158399125617
93464307507.6776 -19.108086406112484 -18.890675441874386 -18.691116184537634
95164195654.02676 -19.131259857303114 -18.91229864369076 -18.71042718599592
96895000626.13702 -19.154854777138187 -18.934315118890677 -18.73008940754397
98657284725.77939 -19.178454500631634 -18.956338077855573 -18.749772785527014
100451620481.62468 -19.20121224982827 -18.977581420935884 -18.768806225495027
102278590835.24605 -19.22438390706241 -18.99921112869437 -18.788185837385228
104138789330.50423 -19.24797700031329 -19.02123422816364 -18.807917917221875
106032820306.3774 -19.270505317523305 -19.042275800435 -18.826559261640558
107961299093.298 -19.292927683659975 -19.063222975828392 -18.84503924002224
109924852213.06107 -19.315757858033027 -19.084551129330972 -18.86385532420766
111924117582.36598 -19.338724078188957 -19.105865000766695 -18.88250749401839
113959744720.06477 -19.361207225230814 -19.12626885589381 -18.89986586266984
116032394958.17519 -19.384099285965693 -19.147043807457575 -18.917539937775413
118142741656.73392 -19.407407697537877 -19.168196604798474 -18.935535461266696
120291470422.55692 -19.42998792705814 -19.18819510817676 -18.953332889794005
122479279331.97849 -19.452551848542548 -19.207986954868986 -18.971259292934246
124706879157.64201 -19.475526152810396 -19.228138767054823 -18.989511733692666
126974993599.41283 -19.498690199466544 -19.248545580669695 -19.007888061595928
129284359519.49596 -19.521480499056093 -19.268934879298932 -19.025873357865336
131635727181.82504 -19.54468529869552 -19.289695009617578 -19.04418576287552
134029860495.80754 -19.56831213713133 -19.310832716150994 -19.062831225937902
136467537264.50278 -19.590831386764712 -19.331160524832665 -19.080568524064976
138949549437.3136 -19.613149894095763 -19.351383890931302 -19.098133247542478
141476703367.2739 -19.635874320724433 -19.3719750708107 -19.11601743056587
144049820073.0156 -19.658664595649817 -19.39264686075356 -19.133962204444316
146669735505.50076 -19.680556651583444 -19.412584258495336 -19.151233363859806
149337300819.60193 -19.702846870702277 -19.432884268949856 -19.168818643605793
152053382650.6278 -19.72554249462504 -19.453553487159322 -19.18672375676613
154818863395.8723 -19.747651818286073 -19.473487217758887 -19.20377690487715
157634641501.28732 -19.769739229654093 -19.49331179159658 -19.22064040679666
160501631753.36856 -19.792228357246938 -19.513496926154957 -19.23781061474956
163420765576.35052 -19.814679669082324 -19.533683235913553 -19.255020308337873
166392991334.8069 -19.835702119079272 -19.552732092506634 -19.271421379831757
169419274641.75143 -19.857106916247133 -19.572127401412768 -19.28812074687571
172500598672.34918 -19.878901014549843 -19.591875463755837 -19.305123834739366
175637964483.3265 -19.89998112366487 -19.611042595349808 -19.321507103292493
178832391338.19382 -19.920941714197138 -19.6301325358457 -19.33776754746344
182084917038.3826 -19.942283526827296 -19.64956967587079 -19.354323729515915
185396598260.40512 -19.963922318425688 -19.669111270664555 -19.370713997089275
188768510899.14618 -19.9855448361849 -19.68788877952624 -19.385303100840016
192201750417.39844 -20.007560614886316 -19.70700780554654 -19.400157544860136
195697432201.75586 -20.029976806988802 -19.7264745600909 -19.41528215504298
199256691924.97592 -20.051039847164493 -19.744902467212633 -19.430570785963837
202880685914.94037 -20.071636208400886 -19.762993335895278 -19.446083884047496
206570591530.31833 -20.092607167291263 -19.78141323342381 -19.46187912760731
210327607543.06604 -20.113670911534633 -19.799962167480217 -19.477693385873273
214152954527.88232 -20.13369185253085 -19.817830871386274 -19.492469965317447
218047875258.74734 -20.154076925688166 -19.836024563501955 -19.507515294757322
222013635112.67447 -20.174832753683845 -19.854549154571377 -19.52283426210085
226051522480.80075 -20.195383703695267 -19.872695184540294 -19.5375343827497
230162849186.96317 -20.216009386903895 -19.890803862641956 -19.552041034105628
234348950913.87885 -20.237010201061782 -19.90924189349947 -19.566811526122667
238611187637.08078 -20.25818851424106 -19.927829607435402 -19.581641335758388
242950944066.74512 -20.27863483502325 -19.945740910451434 -19.59559709499333
247369630097.55396 -20.299453024588953 -19.96397797645116 -19.60980667550325
251868681266.74026 -20.320649846325743 -19.98254673026995 -19.624274693679034
256449559220.46347 -20.340970626379878 -20.00026030982206 -19.638611242609084
261113752188.66815 -20.360972585098278 -20.017645118765518 -19.652993209584835
265862775468.5743 -20.38133833073636 -20.035346115047624 -19.667636749516454
270698171916.97137 -20.401816915842694 -20.053213176918867 -19.68240817667662
275621512451.45557 -20.421099606283185 -20.07045606331086 -19.696605256435504
280634396560.78864 -20.440733001904974 -20.088012555815904 -19.71106054650203
285738452824.5377 -20.460723481181265 -20.105888358165494 -19.725778743092885
290935339442.1664 -20.48053152508837 -20.122804030799134 -19.739088556464544
296226744771.74945 -20.500383540415847 -20.139282854648744 -19.751669546852387
301614387878.4801 -20.520596615557878 -20.15606138817443 -19.76447935481776
307100019093.1646 -20.540978147402082 -20.17304862248276 -19.77735899412019
312685420580.86285 -20.560366501305737 -20.189684278789407 -19.789355684696098
318372406919.8773 -20.58010748215177 -20.206622497172596 -19.801570565858867
324162825691.27075 -20.600207503365535 -20.2238687804997 -19.814007605963923
330058558079.1063 -20.619644309032438 -20.24052478021771 -19.826182652447198
336061519481.60406 -20.63880259597878 -20.256928376245018 -19.838279215644743
342173660133.4132 -20.65830932550982 -20.27363031373751 -19.85059578586892
348396965739.20337 -20.677926687291105 -20.290435553858195 -19.863007687947913
354733458118.7723 -20.695999443809956 -20.305985239644418 -19.874643212211364
361185195863.9004 -20.71440089975854 -20.32181773634801 -19.886490358325975
367754275007.1381 -20.733137033379023 -20.337938187610842 -19.898552975177868
374442829702.7636 -20.751851200912444 -20.35374726148973 -19.91015479631683
381253032920.12415 -20.770669595907048 -20.369450289471292 -19.92152482573558
388187097149.5878 -20.789830251679454 -20.38543891729133 -19.933101648300802
395247275121.33624 -20.809169193928017 -20.401539983316933 -19.94480614057844
402435860537.2221 -20.827330861960696 -20.416331608504905 -19.95597890739532
