SFE-vs-Mhalo_z7.3.ecsv
# %ECSV 1.0
# ---
# datatype:
# - {name: Mhalo, unit: solMass, datatype: float64}
# - {name: sfe_16, datatype: float64}
# - {name: sfe_50, datatype: float64}
# - {name: sfe_84, datatype: float64}
# meta: !!omap
# - {Description: 'MUV vs Mhalo relationship at z~7.3. This includes the log Mhalo range [8,14] which extends beyond the range probed
#     observationally. See Shuntov+25 for details'}
# schema: astropy-2.0
Mhalo sfe_16 sfe_50 sfe_84
100000000.0 0.0002783653208032907 0.0007123029607983024 0.0019946819522280953
102740501.89977513 0.0002851297596826231 0.0007263151627958856 0.0020206933487887063
105556107.30617698 0.0002920795781379527 0.0007407113694554128 0.0020474175881662186
108448874.43223187 0.00029918689570570807 0.0007555810603519847 0.002077211240962814
111420917.89633192 0.000306471938624411 0.000770899099793992 0.002109030352053395
114474410.26802778 0.00031393963300506466 0.0007865321181777325 0.0021414296270109924
117611583.65617946 0.0003215760674418604 0.000802372083929173 0.0021741001268025906
120834731.34063268 0.0003294217785094716 0.0008186461442429554 0.0022076659622616438
124146209.4486114 0.00033744500798683864 0.0008350873389862561 0.0022410673531364556
127548438.6770494 0.0003456875853571318 0.0008519751715775442 0.0022753688149460484
131043906.06212746 0.0003541650320147797 0.0008692817206149683 0.0023093793758663336
134635166.7972996 0.00036287974041255715 0.0008870383163186008 0.002343645334569943
138324846.101145 0.00037181539115598597 0.0009052986791782862 0.0023785376202139848
142115641.1364079 0.0003809556602963797 0.0009240980714944448 0.002413682073198996
146010322.98162937 0.00039034641868621186 0.0009434126615141768 0.002449789660585732
150011738.65680873 0.0003999346739464102 0.0009630429938559037 0.0024857870749232284
154122813.20458427 0.00040978398306608995 0.0009832051856503744 0.0025227395375587167
158346551.82844278 0.0004198925678877883 0.0010034882227195415 0.0025599960763761863
162686042.08952966 0.00043027196715517466 0.0010240752088508849 0.0025978601412172736
167144456.16366288 0.0004408299829287243 0.0010449942431153766 0.002636253313965018
171725053.16019684 0.0004514231000476241 0.0010659288903927034 0.0026744769294564912
176431181.5044419 0.0004623065217424128 0.0010874372520763768 0.0027137480638566715
181266281.38536683 0.0004738615245116032 0.0011078811306603385 0.002751308829186243
186233887.27038455 0.0004857494422704182 0.0011288132822178552 0.0027897776529658843
191337630.4890545 0.0004977687358475547 0.0011511962728506823 0.002829115854019639
196581241.88759255 0.0005099971097383565 0.0011747355039903311 0.0028694177211568833
201968554.55612358 0.0005225424894883375 0.0011984961433487312 0.002911226097022979
207503506.63068253 0.0005353851614969727 0.001221819920029503 0.002955212659557921
213190144.17199638 0.0005485797871759863 0.0012457828852533107 0.0030004046746747786
219032624.12316328 0.0005614387892742981 0.0012712904892239214 0.0030425725418408343
225035217.3483868 0.0005746091398922771 0.0012975494113463934 0.0030856450348956854
231202311.75498244 0.000588299031361108 0.0013235974894595334 0.0031286644979637438
237538415.50095174 0.000602468098436558 0.0013497492759755967 0.003172054108370525
244048160.29045108 0.0006171661548988494 0.0013765898673618303 0.0032172267710787847
250736304.75957713 0.0006326539770714187 0.0014040893253024537 0.0032652711134352743
257607737.95494035 0.0006485662433048635 0.0014323424064103724 0.0033146321119067856
264667482.90756324 0.0006648759605091975 0.0014612016920781004 0.00336417134017464
271920700.304732 0.0006816297611129863 0.001490839314571683 0.0034149804736100906
279372692.26246506 0.0006980430363322395 0.0015209909137555231 0.0034635241421798455
287028906.20137084 0.0007143508783202939 0.0015517617357573277 0.003510858327263276
294894938.8287244 0.0007308635222983687 0.0015831031862863438 0.003558580315706536
302976540.22966623 0.0007471137952872688 0.0016144984975588385 0.0036049249370841987
311279618.0705332 0.0007638094073161484 0.0016467541979331966 0.00365253963369116
319810241.91736895 0.000782306647165951 0.0016787852727658558 0.0036987185359521617
328574647.6727899 0.0008014330657265403 0.0017115933191697663 0.0037459136726816986
337579242.13444215 0.0008210244199224656 0.0017441696988342908 0.003795174256598325
346830607.6783844 0.0008411091588979835 0.0017768079686198317 0.0038463521230000576
356335507.07081217 0.0008617414102666181 0.001810136981358153 0.003898652080214496
366100888.4116611 0.0008829298404944652 0.001843732017437203 0.003951494122691296
376133890.2136763 0.0009046989400552391 0.00187824772611823 0.004005784302346053
386441846.6206802 0.0009272083847080233 0.0019161608739513638 0.004061429361894326
397032292.76884764 0.0009503501893189419 0.0019553771475828096 0.00411858505273711
407912970.2948987 0.0009740702426029869 0.0019958266131621695 0.0041760129176528415
419091832.9952595 0.0009983968591397256 0.0020375077555639994 0.004234008789883686
430577052.64029706 0.001023396693890546 0.0020794870567217155 0.004292867700333388
442377024.9479001 0.0010491041056334954 0.0021197214353851847 0.004350848246860003
454500375.720766 0.0010755160294836435 0.002161058437960289 0.0044104177513656796
466955967.1518806 0.001101989391988049 0.0022034633976626564 0.004476323769711023
479752904.30279124 0.0011291054441528586 0.00224702235402034 0.004544624056999277
492900541.7594356 0.0011555194612053014 0.0022913875463902527 0.004615872380216337
506408490.47035486 0.0011814699015396293 0.0023366501678882784 0.004689957611953135
520286624.77231747 0.0012084641686164192 0.00238258148717045 0.004766131689495906
534545089.60848093 0.0012374338836188433 0.002427647839467789 0.004844610765130403
549194307.944356 0.0012671975142112637 0.0024739492360059886 0.004925240561323576
564244988.387028 0.0012961670692464733 0.0025189933435683836 0.004995325067324219
579708133.0131603 0.0013257005756911722 0.0025649110096406563 0.0050655081384250265
595595045.4115369 0.0013566852872237932 0.0026141794487482485 0.005136587387908541
611917338.9460092 0.0013890765434528874 0.002666615244287569 0.005208722497289644
628686945.244878 0.0014224560634327574 0.0027202856322717617 0.005282927007916971
645916122.922952 0.0014571564953876793 0.0027746095195155264 0.0053595387602482026
663617466.5426095 0.001492807893339556 0.002830422153921239 0.005438250059107524
681803915.8204492 0.0015292440321423963 0.002889551730356013 0.005518365628628297
700488765.0862528 0.0015666476973498044 0.0029505899760862717 0.005600555373675045
719685673.0011529 0.0016041446791191791 0.0030118223039223217 0.005683397832676965
739408672.5421588 0.001641814239301692 0.0030733757639077558 0.005767042587869287
759672181.2602788 0.0016802114211994599 0.0031356059676960887 0.005852843317828759
780491011.8197799 0.0017183174181729568 0.003195087996477515 0.005940394430905894
801880382.8262751 0.001757467710717441 0.0032562001313877218 0.006030344883900184
823855929.9515566 0.0017985805758910184 0.003320223446700469 0.0061176408100908145
846433717.3632891 0.0018409804967904012 0.003386224177938579 0.006206406294194914
869630249.4679673 0.001885248113209889 0.0034551400107042988 0.006295261446969799
893462482.9756562 0.0019314131124667224 0.003527017133145016 0.006384280093850842
917947839.295382 0.0019784580713102487 0.003600655061460087 0.006477961121106413
943104217.2702205 0.00202492848387903 0.0036752998188249123 0.006584964937833871
968950006.2613703 0.0020726724189870844 0.0037519902171833917 0.006694901196191561
995504099.5908344 0.0021237687704793048 0.003825954708421741 0.006788879454939035
1022785908.3524605 0.00217667393631561 0.0039009813391929875 0.0068816416341720855
1050815375.6014919 0.00222917022298263 0.0039782215818652475 0.00697885994854504
1079612990.93298 0.002281201321517544 0.00405773992248647 0.00708070296257065
1109199805.459722 0.0023342479107847803 0.004138783308203105 0.00718501539269871
1139597447.2006476 0.002386555628925394 0.004218552967077573 0.007290468446538945
1170828136.8909702 0.00244029684107538 0.004300508714968941 0.007398811443323045
1202914704.225569 0.002495854735155346 0.004386527001539642 0.007506768256253734
1235880604.5475502 0.0025530108995684164 0.004475302505446201 0.007616945002031545
1269749935.9941282 0.0026119502362701914 0.0045659661645081956 0.007727831928904227
1304547457.1124408 0.0026727394125400975 0.004658525001584257 0.00783925891719524
1340298604.9580753 0.0027347150980509202 0.004753056063912325 0.007952469409873436
1377029513.689611 0.002795541054900283 0.004846825006423839 0.008061236600984813
1414767033.672739 0.002858033948252659 0.0049431636885862796 0.00817298455903493
1453538751.1079326 0.002922125214490378 0.005043659037988674 0.008285266023643354
1493373008.1960194 0.0029879453587342156 0.005147274088663724 0.008400014842410522
1534298923.8563602 0.003055396005220516 0.005250722688562761 0.008515441538956585
1576346415.0128732 0.003124497002445618 0.005353569486089743 0.008631211173772415
1619546218.4633381 0.003195402272075902 0.005458776156477542 0.00875134151517879
1663929913.348069 0.0032676546728122985 0.005563809657763843 0.008882680972606753
1709529944.2342994 0.0033418871519634978 0.005671721604148279 0.009017619790360662
1756379644.833265 0.0034168586562471734 0.005783514612772251 0.009153645483189943
1804513262.3671844 0.0034935443685907247 0.005898614052368166 0.009292712803136078
1853965982.604051 0.0035734490559265605 0.006016199456596994 0.009427282245409072
1904773955.5784998 0.0036568935806693265 0.0061361998034648825 0.009555500582791625
1956974322.0175586 0.0037434087170531917 0.00625993627466521 0.00969140612831551
2010605240.4905612 0.003838216233704697 0.0063904445465994535 0.009862564606971411
2065705915.3031833 0.0039356219521511655 0.006524529400205419 0.010038413686986502
2122316625.1558342 0.0040314355577367456 0.00665712630331526 0.010198924803156966
2180478752.5874734 0.0041286594152235125 0.006791884502620509 0.01035808527468023
2240234814.226335 0.0042283829115027285 0.006925782042646612 0.010519525412458451
2301628491.869632 0.004330628884100316 0.007057533399162776 0.01068273068482237
2364704664.415085 0.004435373314872006 0.007192969189156581 0.010849741894736737
2429509440.6674514 0.004540353296805692 0.007332756997978232 0.011015543545791338
2496090193.044159 0.004648210257138653 0.007476375694356295 0.011185888994242948
2564495592.2046347 0.004757467775783284 0.007617975661719233 0.011350732924848733
2634775642.628663 0.004869239723335358 0.007761619273698933 0.011516957164435335
2706981719.169714 0.0049910728775626806 0.007911046894401953 0.011694973105640442
2781166604.610125 0.005125695487574146 0.00806706448493288 0.011887639910459637
2857384528.245377 0.005262162537802383 0.00822756691532836 0.012085554850242671
2935691205.525834 0.005383655512530271 0.00839458971288907 0.012288570045288489
3016143878.784801 0.005508478004538652 0.008566189773389963 0.012497148875611336
3098801359.08285 0.0056416563738037094 0.008737276189840847 0.01269189495047651
3183724069.198773 0.005780125846933676 0.008911316350781563 0.01288547637469852
3270974087.7987633 0.005920057958857117 0.009084784172209405 0.01308441408522051
3360615194.8160405 0.006060493156526604 0.00925537421851758 0.01328887681047942
3452712918.0741057 0.006204893869550587 0.00943083905498379 0.013498496391581887
3547334581.1877227 0.0063546696300331015 0.009613535533147064 0.013708445499829285
3644549352.776552 0.0065085499980770175 0.009801238811765199 0.01392414826737673
3744428297.027636 0.006660945735860565 0.009989361399406805 0.01412461350904532
3847044425.643396 0.006815479051589732 0.01018095002471434 0.014323010065984477
3952472751.213362 0.0069775255173730845 0.010373829930739403 0.014537630969255432
4060790342.048459 0.007148970006538784 0.010566008717747375 0.014774445768729437
4172076378.518182 0.007325272621915493 0.010763901262714788 0.015016705526812946
4286412210.931542 0.007508798067602484 0.010973912145119816 0.015249956569736996
4403881419.004314 0.007697353031615098 0.011189678379746888 0.015489599861923624
4524569872.955971 0.007870936930004638 0.011396711423797612 0.015713202073594917
4648565796.281002 0.00804155435596037 0.011603801034504724 0.0159342612292499
4775959830.240379 0.00821750482342586 0.011825580841429107 0.01616059438976333
4906845100.120614 0.00839932990803736 0.01206787694910551 0.016391874345982015
5041317283.308442 0.00858715731910784 0.012315930674593302 0.01662933361420782
5179474679.231202 0.008799900975146603 0.012553668219618837 0.01687021861174471
5321418281.213926 0.00901847487512079 0.012797920966582312 0.017117705067215407
5467251850.305575 0.009234613410974497 0.013046300082282004 0.017370752493780835
5617081991.128691 0.009453216902893273 0.013300432212176649 0.017630233348170887
5771018229.807499 0.009674601321937582 0.013550883778885909 0.017893755576392046
5929173094.031742 0.009896603545190858 0.013790127578279682 0.018159288407421082
6091662195.314638 0.01012429410230032 0.014036057972824006 0.01843209595047221
6258604313.505145 0.010347469433249571 0.014292265113737046 0.01871231943408981
6430121483.616161 0.010576760888383281 0.014555493616214124 0.019000222447599524
6606339085.032511 0.010812638165488712 0.014836580441394898 0.019295255842532912
6787385933.163414 0.011055112118105023 0.015130037729825263 0.019598041571488565
6973394373.606855 0.01129840331768277 0.015429278466467971 0.019900243473312942
7164500378.894363 0.011537866323309939 0.015732651960262956 0.02019473162344304
7360843647.88736 0.01178449246953869 0.016044113524585794 0.02049699557336937
7562567707.89719 0.012064666586369805 0.016354036160723347 0.020794401484845362
7769820019.603892 0.012352518880195354 0.01667245223259208 0.021099957810975394
7982752084.850245 0.012643485582039801 0.016998412456036296 0.02139793663263043
8201519557.389906 0.012940193862410264 0.017332752910748404 0.021696622889275395
8426282356.670639 0.013235538671466436 0.01766984336274052 0.021999889076364153
8657204784.735615 0.013520818768734849 0.018003907737835098 0.02230457066068686
8894455646.328718 0.013814173985592272 0.018347074731329887 0.022618169341520288
9138208372.291012 0.014145969150571619 0.018693445520721337 0.023007463766502124
9388641146.339096 0.014486857168350641 0.01904930860817638 0.02340742681259637
9645937035.317589 0.014816070849093985 0.019409312103342787 0.023803945863231774
9910284123.02158 0.015143842403817548 0.01977638722543884 0.024204159159446383
10181875647.686098 0.015470194693860656 0.020156713384431906 0.02460163181388745
10460910143.243677 0.015784341480196907 0.020553951060516478 0.024982124901775357
10747591584.45304 0.016107097465180784 0.020962075042660767 0.025373045409965347
11042129536.005047 0.016447801892425173 0.021372622561601256 0.025761342051501847
11344739305.714943 0.01679789182992144 0.021794374467256458 0.026160208915164
11655642101.912596 0.01715511835264465 0.022207257660266322 0.02661549343072405
11975065195.1465 0.017520833374733407 0.022620640067874356 0.027107339899166968
12303242084.318851 0.01790209857159413 0.02304097089176134 0.02761261677319157
12640412667.373543 0.01830577621981387 0.023463340395202373 0.0281316354613977
12986823416.66233 0.01872051666165204 0.023897284942909283 0.028664877866614306
13342727559.116402 0.01908676000720813 0.0243091445273108 0.02911735142411055
13708385261.355808 0.019461867970449926 0.024731625761336754 0.029580357171527034
14084063819.871758 0.01985724389715921 0.02517931087896312 0.03006429324968693
14470037856.420883 0.020269072678279085 0.025646928293258178 0.030566126914758417
14866589518.77434 0.02068777879968481 0.02611201129384817 0.031085374701763584
15274008686.96812 0.021107787338417804 0.026554425005843707 0.03162730011467646
15692593185.2063 0.021539306219133993 0.02700896307402135 0.03218407700382558
16122648999.570862 0.021999509712532405 0.02746074491623101 0.03276886781164309
16564490501.698244 0.022472902381614094 0.027924386920817352 0.03337012160203624
17018440678.585356 0.022961242726125618 0.02843734299288228 0.03398142873625169
17484831368.69409 0.02346414432082376 0.028986204027481224 0.03460565493517255
17964003504.52563 0.02396202233781877 0.029524548624844174 0.03523388280053884
18456307361.842827 0.02442721515929373 0.03001468183112613 0.03584704108962539
18962102815.722466 0.02490515659887883 0.030518247147237675 0.036477002993272986
