SFE-vs-Mhalo_z5.4.ecsv
# %ECSV 1.0
# ---
# datatype:
# - {name: Mhalo, unit: solMass, datatype: float64}
# - {name: sfe_16, datatype: float64}
# - {name: sfe_50, datatype: float64}
# - {name: sfe_84, datatype: float64}
# meta: !!omap
# - {Description: 'MUV vs Mhalo relationship at z~5.4. This includes the log Mhalo range [8,14] which extends beyond the range probed
#     observationally. See Shuntov+25 for details'}
# schema: astropy-2.0
Mhalo sfe_16 sfe_50 sfe_84
100000000.0 0.0005499047688328795 0.001392373795755538 0.002836660024546895
102740501.89977513 0.0005622097597222229 0.001417524000378147 0.0028825557349580417
105556107.30617698 0.0005748519691206559 0.0014433634468362362 0.0029297092181849215
108448874.43223187 0.0005880490058701578 0.001469638111407414 0.00297626974561259
111420917.89633192 0.000601715497382885 0.0014964916543901102 0.0030231310406881105
114474410.26802778 0.0006153451207926995 0.001524021066861621 0.0030707100341117993
117611583.65617946 0.000628478949388625 0.001552178028412726 0.0031183957985264073
120834731.34063268 0.0006419727108067351 0.0015811066320300577 0.0031673883922207196
124146209.4486114 0.0006556028098861363 0.0016102417096791224 0.003212564630133918
127548438.6770494 0.0006696031490354688 0.0016401669644284566 0.0032589061535244768
131043906.06212746 0.0006839307548078857 0.0016713772775491837 0.0033050289172218117
134635166.7972996 0.0006986199978556964 0.0017036985032496943 0.0033515972880433973
138324846.101145 0.0007138574396487831 0.0017368280678470088 0.0034010701100447276
142115641.1364079 0.0007298403436238521 0.0017706912415615924 0.0034555644128611705
146010322.98162937 0.0007462612593859993 0.0018054824361951535 0.0035115521330815755
150011738.65680873 0.0007634253438718536 0.0018386131210017444 0.003562790501564948
154122813.20458427 0.0007810681972785074 0.0018725769696341479 0.0036152532874063163
158346551.82844278 0.0007992434234183011 0.0019049518708331723 0.0036683315336054866
162686042.08952966 0.0008179452588683352 0.0019367436815908264 0.0037223845668650137
167144456.16366288 0.0008371073241299393 0.001969727223399548 0.003777331221447286
171725053.16019684 0.0008566688978900415 0.0020043845685540434 0.0038323718334899544
176431181.5044419 0.0008767665569506655 0.00203999169891091 0.0038889208345513
181266281.38536683 0.0008972350117451863 0.0020786430168182094 0.00394542320504895
186233887.27038455 0.0009182565707117858 0.0021184436070757033 0.004003404537787254
191337630.4890545 0.0009397317557467075 0.002159939475879366 0.004064794803827608
196581241.88759255 0.0009617196803125836 0.002202946649440251 0.0041289937150122925
201968554.55612358 0.0009842228530457283 0.002246145042702197 0.00419380944362176
207503506.63068253 0.001007118458665558 0.0022879916625648472 0.00425746736539434
213190144.17199638 0.001030641518792364 0.0023309850898398246 0.004322869833722455
219032624.12316328 0.0010539842454510408 0.0023729345708746524 0.004392531523936681
225035217.3483868 0.0010779181047033564 0.00241590283548161 0.004464247543920068
231202311.75498244 0.001101909743122434 0.002459945777277914 0.004534184791094341
237538415.50095174 0.0011261666603704318 0.002505128262229252 0.004603583507592203
244048160.29045108 0.001150860789731703 0.002551413728472608 0.004673803556418173
250736304.75957713 0.0011756057739565468 0.0025985956474016973 0.004742975891867155
257607737.95494035 0.0012010288949441754 0.0026470705877153964 0.004814043896483247
264667482.90756324 0.001226825456540166 0.002697716107260839 0.004885125658380818
271920700.304732 0.0012533048291655873 0.002749812462225244 0.0049580109866158096
279372692.26246506 0.0012802943240529305 0.0028022859018134874 0.005032518782299015
287028906.20137084 0.0013078738044859542 0.0028554678904115635 0.0051088081179100275
294894938.8287244 0.0013361119775920005 0.0029097494170951662 0.00518644620316409
302976540.22966623 0.0013648372385049196 0.0029644617014293355 0.005264021148257203
311279618.0705332 0.0013943497157388727 0.003020673376955093 0.005343722036194343
319810241.91736895 0.0014266413186474001 0.003078500437576237 0.005422297269666079
328574647.6727899 0.001459997100553617 0.0031379190632750725 0.005502724785287545
337579242.13444215 0.0014944192019658584 0.0031984692047519856 0.005587460147137305
346830607.6783844 0.001529896477613589 0.0032603136475584955 0.0056760634564955465
356335507.07081217 0.0015662719112975224 0.00332328631955144 0.005767724940536923
366100888.4116611 0.001603408743789329 0.0033861841265580006 0.005863900455087721
376133890.2136763 0.0016415633118810897 0.003450805649160493 0.005962711661441903
386441846.6206802 0.001680468208062764 0.0035161759611408616 0.006062017255391006
397032292.76884764 0.0017204074797818592 0.003583227625233187 0.006163805846619929
407912970.2948987 0.001761246789508483 0.0036502150078098834 0.006262951857915083
419091832.9952595 0.0018030541417676336 0.003717560121748722 0.006360593272128899
430577052.64029706 0.0018459247744427732 0.0037868656634361623 0.006459130482274428
442377024.9479001 0.0018896874656871372 0.0038584644117372695 0.006554262352396629
454500375.720766 0.001934649474316446 0.003932025325095784 0.006652001313226821
466955967.1518806 0.001980500574110876 0.004004670759578746 0.00674954657170796
479752904.30279124 0.002027565329308807 0.00407894054666935 0.006849405961439352
492900541.7594356 0.002074519597600743 0.004155528147587771 0.006949821889423752
506408490.47035486 0.002121610050524422 0.004234446716100945 0.00705119836236313
520286624.77231747 0.002170196390837168 0.004314423418504788 0.007156512755991488
534545089.60848093 0.0022208771125804536 0.004392488650380869 0.007269021071193634
549194307.944356 0.002272946740465926 0.004472693261419566 0.007384612678911282
564244988.387028 0.0023242815317812593 0.004555009246853811 0.007495837236500475
579708133.0131603 0.0023767143303657944 0.004639568727305902 0.007609033519396683
595595045.4115369 0.0024303682016701906 0.004726399254109499 0.007725878764608875
611917338.9460092 0.002485305003092186 0.004815569156895624 0.007846401041093591
628686945.244878 0.002541712684513827 0.004906632952997192 0.007968910706636752
645916122.922952 0.0025995262457631937 0.004997972220443767 0.008089465650571467
663617466.5426095 0.002658924188756928 0.005091814642249957 0.008213324405034987
681803915.8204492 0.0027199287244931984 0.005188394262347044 0.008334472808722534
700488765.0862528 0.0027826016706826093 0.005287647327187012 0.008457956887862394
719685673.0011529 0.0028455607747274987 0.00538618496409487 0.008585345158528126
739408672.5421588 0.002908931717965416 0.005484270389918347 0.008716701797436674
759672181.2602788 0.0029739708009915667 0.005584150913164772 0.008852198200235592
780491011.8197799 0.003040490083750222 0.005682831771357934 0.008993788411495169
801880382.8262751 0.0031088323287165945 0.005784216980344596 0.00913925890518421
823855929.9515566 0.003178954192968632 0.005890775728682872 0.009290414198944889
846433717.3632891 0.0032509809311144647 0.006000686423180315 0.00944601799542707
869630249.4679673 0.0033246840892962874 0.006113860313872646 0.009598644309645927
893462482.9756562 0.0034001186711229672 0.006230379180275742 0.009748432134572868
917947839.295382 0.003477515335838619 0.006349048298380551 0.009902037816393821
943104217.2702205 0.0035565240159545148 0.006465923076504486 0.010058463979167407
968950006.2613703 0.003637697930449962 0.006586000810143248 0.010219177003903525
995504099.5908344 0.003719486693645864 0.006716391603602547 0.010382321033564748
1022785908.3524605 0.003803195155740212 0.006851759260222032 0.010549541631766567
1050815375.6014919 0.0038872388212217155 0.006985837077312075 0.010717136929221232
1079612990.93298 0.003971579344164031 0.007118468388601686 0.01088501508523755
1109199805.459722 0.0040583444790026416 0.007254775208707868 0.01105680151798159
1139597447.2006476 0.00414809247741589 0.007395035194312147 0.01122959658350417
1170828136.8909702 0.004240300021430664 0.007539139007486538 0.011407127101080114
1202914704.225569 0.004336375694994769 0.0076816758020170515 0.011590645904461478
1235880604.5475502 0.004435379565301298 0.00782690451272592 0.011779441268985575
1269749935.9941282 0.004538549772952916 0.007971182714383025 0.01197004689932043
1304547457.1124408 0.00464611979611607 0.008114079573074865 0.012162236254439093
1340298604.9580753 0.0047563850815545245 0.008259690800948278 0.012357000649903034
1377029513.689611 0.004868170950575829 0.008402153218831428 0.01254111023191028
1414767033.672739 0.004983020313461342 0.00854851982198313 0.012730265340510104
1453538751.1079326 0.005094706949722906 0.008701373020826813 0.01292411012509275
1493373008.1960194 0.00520793299683971 0.008859011979554505 0.013123148098087654
1534298923.8563602 0.0053227676104527786 0.009024904521572527 0.013325932463806221
1576346415.0128732 0.005439040713121044 0.00919984054001366 0.01353232108518177
1619546218.4633381 0.005558900240603611 0.00937788744693993 0.013743161210574053
1663929913.348069 0.005684709795039121 0.009549596844260438 0.01395175223445193
1709529944.2342994 0.005813967162704016 0.009726011940876583 0.014166059699301906
1756379644.833265 0.005944372661798721 0.009909130211081679 0.014384471024598647
1804513262.3671844 0.006077722779010212 0.010097757854889856 0.014608402990223361
1853965982.604051 0.006214695334674153 0.010286580780351773 0.01484032940982554
1904773955.5784998 0.006355382934283859 0.010474568724513614 0.01508085612822283
1956974322.0175586 0.00649958301473784 0.01066753033446621 0.015325357335727482
2010605240.4905612 0.006645143161596384 0.010864434219930693 0.01555678745145035
2065705915.3031833 0.006794692387044902 0.011066734260117062 0.015794559913891254
2122316625.1558342 0.006943914246420276 0.011270551473298867 0.01603715649006943
2180478752.5874734 0.007095963163389041 0.011478805710427696 0.016285918804473276
2240234814.226335 0.007250113043564033 0.011683863910983548 0.016547420819378354
2301628491.869632 0.007405848944325978 0.011883171192776064 0.01682365288993653
2364704664.415085 0.0075663888698635695 0.0120885890770782 0.017102210536884987
2429509440.6674514 0.007735981159397034 0.012305265649465671 0.01734288317075679
2496090193.044159 0.007910221128847036 0.012527880247435789 0.017590151442732085
2564495592.2046347 0.008089083378353294 0.012765552685468359 0.01785723470171046
2634775642.628663 0.008272800224076627 0.013012501666476455 0.01813565959299079
2706981719.169714 0.008457737681106683 0.013255977685825615 0.018421315502834053
2781166604.610125 0.008642592509162562 0.013492296689910298 0.01871426068823963
2857384528.245377 0.008832323789377514 0.013735722489426904 0.01901330665271961
2935691205.525834 0.009025332459553826 0.013992214626937099 0.019300997226837015
3016143878.784801 0.009223630536003022 0.014255735936348494 0.019596571966603537
3098801359.08285 0.00943141040791168 0.014520993438774195 0.019915192718539986
3183724069.198773 0.009646230609150078 0.014791695891920614 0.020247516030050417
3270974087.7987633 0.009866533522046713 0.01506417465706252 0.02058482013697882
3360615194.8160405 0.010092296041781584 0.015336059908759535 0.020925472747280658
3452712918.0741057 0.010322024674737319 0.015614542723657298 0.021273193368002017
3547334581.1877227 0.010531110969420223 0.015890305550229446 0.02160293917529315
3644549352.776552 0.01074592727798105 0.016173625662302633 0.021941721672697475
3744428297.027636 0.010977823962913528 0.016461849269548044 0.022277990708284304
3847044425.643396 0.01122007830692585 0.016756948646630018 0.0226192565295415
3952472751.213362 0.011465157336150071 0.017063676202206578 0.022950438483893432
4060790342.048459 0.011711184892103177 0.017384164186842566 0.0232613055561045
4172076378.518182 0.011964723359665922 0.017712195014312527 0.023582141559888418
4286412210.931542 0.012236718402619624 0.018030644916055945 0.02393347754439286
4403881419.004314 0.012516167474892769 0.018357821943406478 0.02429444189822724
4524569872.955971 0.012808605167030918 0.018712654764598914 0.024674026368158596
4648565796.281002 0.013111101416143805 0.01908437963583443 0.02506736069911042
4775959830.240379 0.01341630051112519 0.019450181997784827 0.02547900968787268
4906845100.120614 0.013720915246587652 0.01980020771026439 0.02591400862760356
5041317283.308442 0.014033614883622406 0.020160165278194666 0.02635870985873033
5179474679.231202 0.01434978245772477 0.02053656918766928 0.026772568861400645
5321418281.213926 0.01467461461020193 0.02092328845343393 0.027197769677901593
5467251850.305575 0.014997019742216434 0.0213090064451909 0.027633693595525644
5617081991.128691 0.015323610215711445 0.021700533931788103 0.028081182474834022
5771018229.807499 0.015650531579750316 0.022100814448371343 0.028538947166768035
5929173094.031742 0.015971779780086803 0.022508708800354993 0.029005882646021226
6091662195.314638 0.016301899381793175 0.022927461221816558 0.02948403107817671
6258604313.505145 0.016642903234936918 0.023348983006923868 0.029932239502922134
6430121483.616161 0.016993252305154315 0.023782056604559947 0.030392731088062588
6606339085.032511 0.01735652425001396 0.02423471889029077 0.030887244103993086
6787385933.163414 0.017731208058270175 0.024703171485851702 0.03140469316316075
6973394373.606855 0.018109275949950144 0.02516614239656592 0.03189771618251868
7164500378.894363 0.018485306705640615 0.02560880798112212 0.032334721059676066
7360843647.88736 0.018870814571244905 0.026063175813482442 0.032784483272442495
7562567707.89719 0.01922995748082214 0.0265108616593324 0.033281413237083404
7769820019.603892 0.019598942708659247 0.026970816344292898 0.033791961576845844
7982752084.850245 0.020014226206801253 0.02743943881952922 0.03433212752435693
8201519557.389906 0.02045781091992516 0.027919062866347932 0.034894403321176076
8426282356.670639 0.020913374903822824 0.02840527930294546 0.03545898313087641
8657204784.735615 0.02138108477876272 0.02889229042222773 0.0360139717699976
8894455646.328718 0.02186141069558275 0.029392849194295294 0.03658383426597076
9138208372.291012 0.02233105908440826 0.029930913155807707 0.03712961568587294
9388641146.339096 0.022813578196251873 0.030483722770407465 0.037690354255956245
9645937035.317589 0.023306736749133704 0.031043187785030346 0.03832761518243481
9910284123.02158 0.02381212372388361 0.03161375553632397 0.03901279000048219
10181875647.686098 0.024340965860844683 0.03219271173598595 0.03969447576682043
10460910143.243677 0.024903829999089907 0.03277279755915737 0.04034957101687379
10747591584.45304 0.02548211943973689 0.03336878064533314 0.04102261916470019
11042129536.005047 0.026022125934319414 0.033996090144986134 0.04163221015146582
11344739305.714943 0.026576642927959485 0.03464067095296067 0.04225807064791467
11655642101.912596 0.02716137293171574 0.035256830616811834 0.042912173165126896
11975065195.1465 0.027770078578212957 0.03586547400626605 0.043590073607594745
12303242084.318851 0.028374765039739545 0.03649521034095331 0.04431004320002128
12640412667.373543 0.02895121963234798 0.037151755934498314 0.04510058645069579
12986823416.66233 0.029543471974018194 0.03782629417250731 0.04591279455417359
13342727559.116402 0.030158231932887764 0.038517177445057255 0.04664312471023337
13708385261.355808 0.03078996232016347 0.03922695246588132 0.04739143029036217
14084063819.871758 0.0314161833990745 0.03990493044176341 0.048164901582045186
14470037856.420883 0.03204673047667642 0.04057266501265409 0.04896218986007437
14866589518.77434 0.03268473797428453 0.04126513967714539 0.04977465082708685
15274008686.96812 0.03331757361552226 0.041991452115477085 0.05059397184849008
15692593185.2063 0.033967752129530564 0.04273766915997957 0.05143574637805013
16122648999.570862 0.03465987836257437 0.043419498720590546 0.05230398654743078
16564490501.698244 0.035371798587276224 0.04411710877384225 0.05319613717017619
17018440678.585356 0.03608009700290141 0.044855076692417936 0.054108585334155204
17484831368.69409 0.03679400132164246 0.04562594444246152 0.05504356135163259
17964003504.52563 0.03750783760917611 0.0464100806239709 0.05598356618096737
18456307361.842827 0.03819286967337113 0.04719634901426262 0.056898595862728704
18962102815.722466 0.03889667505429948 0.04800416510472761 0.05783870195030221
19481759603.624653 0.03965787348201518 0.04879097807866172 0.05883853908902464
20015657595.67169 0.040441812085926516 0.049597225756355855 0.0598674522067724
