SFE-vs-Mhalo_z7.3.ecsv
# %ECSV 1.0
# ---
# datatype:
# - {name: Mhalo, unit: solMass, datatype: float64}
# - {name: sfe_16, datatype: float64}
# - {name: sfe_50, datatype: float64}
# - {name: sfe_84, datatype: float64}
# meta: !!omap
# - {Description: 'MUV vs Mhalo relationship at z~7.3. This includes the log Mhalo range [8,14] which extends beyond the range probed
#     observationally. See Shuntov+25 for details'}
# schema: astropy-2.0
Mhalo sfe_16 sfe_50 sfe_84
[from data line 402]
5249966785146.899 0.04993425594687218 0.1824152657100783 0.48485317729076516
5393842224631.413 0.04913133269382754 0.18104485322630257 0.48097243766058295
5541660573268.311 0.04832708973509857 0.17963633583592276 0.47682165016275174
5693529886557.817 0.04753230960547042 0.17802776996565964 0.47321627086972773
5849561181263.199 0.046742749945112294 0.17623674365684852 0.47007705489875584
6009868516564.226 0.046003159585851224 0.1745161303153021 0.4667437186353427
6174569077434.656 0.04552665389323753 0.17322121530035106 0.46289131478522566
6343783260304.681 0.04503708955306522 0.1718908131148148 0.4589333357344092
6517634761070.974 0.044440292184519004 0.16964354025980943 0.4558967653676625
6696250665518.527 0.04381242734609317 0.16719661553451146 0.45293848221271327
6879761542220.768 0.04326327537395591 0.1650998441771872 0.4497201190848038
7068301537985.355 0.04278595049937485 0.16332348917811568 0.44625142463928386
7262008475915.679 0.04227921965599193 0.1615642148810847 0.4429428451527651
7461023956159.979 0.04168814760540906 0.16004053959018805 0.4406448664726291
7665493459421.221 0.041080877214050925 0.15847510794899794 0.43828391164310765
7875566453303.797 0.04037370102424867 0.1565812894678341 0.4359002981519996
8091396501574.641 0.039632517927331155 0.15458542010629198 0.43345874735427553
8313141376418.632 0.03892399212744448 0.15274396486807326 0.4307496060275436
8540963173770.412 0.038246737715245026 0.15105215108072345 0.42777418219309904
8775028431806.684 0.0376036146163002 0.14936181792434075 0.4248983714668432
9015508252686.154 0.03719211180302726 0.14785148020270242 0.4228006600166993
9262578427625.44 0.03676933174733889 0.14629975164710932 0.42064546074441206
9516419565402.676 0.03628965335427835 0.14486864569536184 0.41811794789544815
9777217224383.107 0.03578798746133349 0.1434301558756379 0.41546004283255233
10045162048162.469 0.035310802705854266 0.14200262834367636 0.41215516292682997
10320449904927.852 0.03485918911522045 0.14058691590019928 0.40817928337645487
10603282030637.74 0.03435476230887187 0.13917355721044267 0.4041297015323466
10893865176125.88 0.03362564612004198 0.13793605760825256 0.4001529943437887
11192411758236.553 0.03287654848820564 0.13666464430595468 0.39606730541917984
11499140015101.727 0.03226571314702597 0.13567428565693293 0.39228367509839157
11814274165673.393 0.03167231725381216 0.1347247823460787 0.38848547250257476
12138044573628.314 0.031137113214305952 0.1337006359687538 0.38570557485461926
12470687915764.201 0.030666761079758794 0.13259649304789278 0.38404824842667473
12812447355010.746 0.030181003896026272 0.13140881151473527 0.38233682342529207
13163572718182.504 0.029667376546029564 0.1298801797857733 0.38052825656937683
13524320678602.576 0.02913967322874843 0.12830965587523854 0.3786701259044165
13894954943731.36 0.02857418644736824 0.12701271067579306 0.3761251196620703
14275746447937.217 0.02798769758652023 0.12575495793288063 0.37336025595800576
14666973550550.016 0.02741466648517138 0.12429419865747261 0.3698907075724622
15068922239342.355 0.026859254049091223 0.12260322703187983 0.3656164020236835
15481886339587.232 0.026296758309481305 0.12098810795483546 0.36131811730747565
15906167728844.646 0.025771567459255684 0.12012034996579264 0.3575055575685039
16342076557635.053 0.02523198374380219 0.11922881105257466 0.35358851455745555
16789931476159.816 0.024791093729949528 0.11836402428547102 0.3497155695543568
17250059867234.918 0.024367348370324962 0.1174887207621336 0.34577549128335366
17722798085608.84 0.023951916026255925 0.11624868578602669 0.34199906003619096
18208491703838.258 0.023548858240461525 0.1145683646663526 0.33844302129927667
18707495764902.344 0.02314259491034545 0.11287103249135569 0.334949713061305
19220175041739.844 0.022782622495761438 0.11133986973027041 0.3325339077537019
19746904303898.83 0.022412785030317087 0.10976674542462894 0.330051897255749
20288068591494.035 0.02198074388928218 0.1083435048921373 0.3275606994478366
20844063496671.613 0.021522293130020062 0.10693526354236095 0.3250176925023054
21415295452788.23 0.02112365729063785 0.10557462022755393 0.32296770766312355
22002182031514.44 0.020805317856585383 0.10428531732388305 0.3215707465045644
22605152248080.074 0.02047978863925409 0.10299347504844014 0.320074898911839
23224646874885.77 0.020158204314052932 0.10194122449537889 0.31802987263215077
23861118763708.08 0.019827806964310257 0.1008601369959206 0.3159288023684168
24515033176735.098 0.019410932414767386 0.09983736331260273 0.3136460902039771
25186868126674.027 0.018959184150973737 0.09881319549509233 0.3112632451855303
25877114726179.387 0.018547171732314023 0.09747900251611888 0.30925757423028244
26586277546857.32 0.018193316491338367 0.09573251661695056 0.30778656929161313
27314874988108.547 0.017839445534774172 0.09397086366477322 0.30616343003613067
28063439656078.863 0.017570333633880476 0.09247991688894683 0.30340485261514943
28832518752995.95 0.01729384671623027 0.09094811068840426 0.3005706763275394
29622674477174.945 0.017022989005268982 0.0895019074939833 0.2984728470684562
30434484433986.13 0.01674902384173346 0.08805776085028356 0.296583521699224
31268542058086.285 0.016451583888478807 0.08662678530834489 0.2944272479341944
32125457047220.125 0.01612348649599626 0.0852309451892201 0.29190858482089627
33005855807910.633 0.015789276364465043 0.08384159428852085 0.2893110239939449
33910381913363.465 0.015479286621702882 0.08293295472118059 0.28652779132866657
34839696573920.19 0.015160801604151218 0.08199941386923527 0.2836682841193211
35794479120404.37 0.014864130578729238 0.08069731557419219 0.28108567984750893
36775427500713.81 0.01457006622817408 0.07923896216138325 0.27855719227098824
37783258790021.3 0.014290160138627404 0.07787507421399062 0.2761766290125967
38818709714958.78 0.014035725961663924 0.07667434966346574 0.2740548644461454
39882537192165.586 0.013776321883331595 0.07545459309325794 0.27187691362138316
40975518881595.41 0.013538231415007264 0.0743982918046846 0.2696671007030192
42098453754988.24 0.013293616072875322 0.07331304255923057 0.2673967278196459
43252162679919.65 0.013068640058195096 0.07213681541708922 0.2650009689137366
44437489019856.68 0.012847436674877094 0.07090525176613884 0.2625157241798696
45655299250658.22 0.012631246322770255 0.06974082710629052 0.26027009255324135
46906483593970.52 0.012426627185267478 0.06870387240409026 0.2584490421558187
48191956667981.195 0.012216527737778817 0.06764976008708845 0.25658081187016557
49512658156006.02 0.012002978484652062 0.06677093836981567 0.25471081343267726
50869553493400.53 0.011783576910186415 0.06586803252668538 0.2527895676524838
52263634573294.516 0.011572538285320837 0.06487049124950399 0.25126595371685034
53695920471667.18 0.011361523278023125 0.06381737931513617 0.24988247999072835
55167458192294.96 0.011139752479038877 0.0628088594786726 0.2485472646285816
56679323432112.46 0.010903578691835806 0.06189567098913899 0.2473197222755089
58232621367549.19 0.010661662125531284 0.060954325316367956 0.2460639417171226
59828487462415.734 0.010431234025168686 0.05990942051263215 0.24490791579260834
61468088297929.96 0.010194491038338034 0.05883588007289913 0.24372020895567093
63152622425490.19 0.009983012402888524 0.05802461638279248 0.24158018112569002
64883321242818.82 0.009779445656499316 0.057317045637881335 0.23898444032822203
66661449894115.48 0.009600556034068609 0.05659173713980441 0.23679939893115776
68488308194881.35 0.009470487936930106 0.05584948712650329 0.23541005051236366
70365231582086.21 0.009335659561337218 0.05508465196031158 0.23397972849001208
72293592090374.45 0.009150797882122383 0.05421190515645535 0.2323978858261277
74274799355026.84 0.00896087006507671 0.053315240709859234 0.23077269273398807
76310301642405.52 0.008781821971706407 0.052346423171272034 0.22861140048373355
78401586908639.78 0.008605274891420728 0.05132914214413862 0.2261644890418081
80550183887324.9 0.008430583152111669 0.05044154004116232 0.22408277042533215
82757663207029.39 0.008263722402413444 0.04982663153551517 0.2227588558942783
85025638539427.55 0.008092154013349164 0.04919593182218703 0.2214082113610593
87355767778896.84 0.007904404663094451 0.04863823392038998 0.22083385626610305
89749754254440.66 0.00771151003832922 0.04806525229699927 0.22024376095885817
92209347974827.12 0.007567053379165068 0.04756178131975397 0.21899294213986978
94736346907847.9 0.0074449938191839165 0.04708631644630178 0.21739164156692084
97332598294635.03 0.007311999073868663 0.04656150610987557 0.21580406090766344
100000000000000.0 0.007160152182908899 0.04594955280285105 0.2142883857199074
