SFE-vs-Mhalo_z5.4.ecsv
# %ECSV 1.0
# ---
# datatype:
# - {name: Mhalo, unit: solMass, datatype: float64}
# - {name: sfe_16, datatype: float64}
# - {name: sfe_50, datatype: float64}
# - {name: sfe_84, datatype: float64}
# meta: !!omap
# - {Description: 'MUV vs Mhalo relationship at z~5.4. This includes the log Mhalo range [8,14] which extends beyond the range probed
#     observationally. See Shuntov+25 for details'}
# schema: astropy-2.0
Mhalo sfe_16 sfe_50 sfe_84
[from data line 198]
21127749009.72417 0.04191138258943216 0.05123561419372806 0.062045896330001106
21706755372.715385 0.04266565669886858 0.052094025038828616 0.06316736297948142
22301629416.08428 0.043463887960382856 0.05300318818017148 0.06427481016539612
22912805993.91288 0.04428399476478342 0.05393726695467478 0.06541260696247966
23540731877.46785 0.04515699132418683 0.054861463399399575 0.06658927198910436
24185866081.790825 0.046055884665829126 0.055808686652579424 0.06779868201267931
24848680201.239372 0.046925315744388386 0.056729152744031876 0.06904960852236397
25529658754.223385 0.04778231637078173 0.05763951233537124 0.07034042827717853
26229299537.388985 0.04865955115344099 0.058592637375482114 0.07161024264371671
26948113989.50895 0.04955163944762766 0.0596222177409152 0.07275557612796121
27686627565.34501 0.05046817543846405 0.06068001377582253 0.07393229749810004
28445380119.756954 0.05134483341700514 0.06164350876647995 0.07512477974340702
29224926302.33727 0.052240262675225614 0.06262344292917692 0.07634860934077628
30025835962.860703 0.05316602557557746 0.06362071633919965 0.07760769963355713
30848694567.846264 0.054121270276805244 0.06463856831838001 0.07890251685036483
31694103628.533916 0.055051909487146805 0.06568192159388092 0.08025343547450138
32562681140.590588 0.05585389387349906 0.06674660396799258 0.0817039604085349
33455062035.86619 0.0566778566571952 0.06784046398279334 0.08319423700594232
34371898646.53005 0.05753037708825089 0.0689288049226608 0.08475001612993854
35313861181.92713 0.058406842368466175 0.07004351834044203 0.08635083078598674
36281638218.5018 0.059343626845605194 0.07117836271822064 0.08790529121744607
37275937203.14938 0.060333333725011436 0.07233648699630539 0.08943462092102102
38297484970.36067 0.06131227881171627 0.07351662464504896 0.09102283737339993
39347028273.539665 0.06219415049351021 0.07469729837338734 0.09271009683696738
40425334330.88107 0.06310018988549715 0.0759103284876808 0.09444359567818775
41533191386.20932 0.06400129492694287 0.07714275738005066 0.0960416194552978
42671409285.18562 0.06492369392998787 0.0784073791738231 0.09766252986012462
43840820067.30695 0.06591567326461506 0.07965508973540018 0.09951564114437918
45042278574.1285 0.06697000796423963 0.08089605519626708 0.10156861035515702
46276663074.154495 0.06800052573457385 0.08218322824658418 0.10360321440873611
47544875904.85443 0.06887298744599156 0.08354879111941863 0.10542982190538276
48847844132.2727 0.06976935898718534 0.0849517772687255 0.10730648761517617
50186520228.71682 0.07068683030984904 0.08630546804432529 0.10930656179389697
51561882769.01584 0.07162898839433142 0.08768469633082071 0.11137093128708757
52974937145.860756 0.07259145589248912 0.0890328480386508 0.11343027029492708
54426716304.74775 0.07357567533729954 0.09036014492653618 0.11549434555544615
55918281499.06458 0.07459506929898647 0.0917340148706996 0.11759165487723411
57450723065.86805 0.07567383609887142 0.09318462420296796 0.11965701472200856
59025161222.922714 0.07678216652340136 0.09467498751154543 0.12177897579256626
60642746887.582245 0.07774902133136045 0.09615841701145489 0.12392353924966765
62304662518.11226 0.07871663064093386 0.09767534313643263 0.12612154929996297
64012122978.06987 0.07968136977209196 0.09920395992550406 0.12841140556263544
65766376424.37027 0.08064648359565861 0.10074796706665957 0.13079205024397686
67568705219.6934 0.08162596327681898 0.1023138122889124 0.1332007981298115
69420426869.89284 0.08258186080201689 0.1038371219990278 0.13552057301797293
71322894987.09425 0.08356395471705262 0.10540217804068813 0.13790392138101457
73277500279.19019 0.08442745127711182 0.10701922792429923 0.14046010499071518
75285671566.44913 0.08529010544635758 0.10868212626001118 0.14310444890049837
77348876825.98613 0.08622027049686191 0.11030273028653 0.1455979004928457
79468624264.857 0.08721703758846423 0.11188540683204373 0.14795037172869732
81646463422.56056 0.0882142583228995 0.11350983254118048 0.15040161297274723
83883986303.75539 0.08911617988887295 0.11517136160675932 0.15307661154683952
86182828542.0169 0.09004281863249625 0.1168784249079454 0.1558249185076733
88544670595.49083 0.09097064349465737 0.11855351408317327 0.15862675957173927
90971238975.30988 0.09191935286078809 0.12025973101883901 0.16150129764963286
93464307507.6776 0.09281106493887598 0.12197543475792069 0.16436998784300738
96025698630.53717 0.09364504459513379 0.1237012566203309 0.1672335129875512
98657284725.77939 0.09449731018906529 0.12545729081111323 0.1701518974785779
101360989487.95593 0.09534999053852443 0.12717567415363065 0.17303169053323242
104138789330.50423 0.0962260386091595 0.12894114982429516 0.17599040437125932
106992714830.50952 0.09697522943594833 0.13059928509853344 0.1788040019011729
109924852213.06062 0.0977136463069132 0.13227054800408033 0.18164776816833442
112937344876.28502 0.0983599893558482 0.13391090527290478 0.18458239247585206
116032394958.17519 0.09890657838799642 0.1355159878212717 0.18761095824355156
119212264946.35857 0.09947681240118719 0.1371214248610633 0.19070312092096195
122479279331.97849 0.10011083583355984 0.13852835677602704 0.1937721977002599
125835826308.90276 0.10076223469014177 0.1399738456868491 0.19692538258700057
129284359519.49596 0.1014438204222118 0.14159990066278552 0.20024633764545965
132827399848.23985 0.10214689793058904 0.1433026601485198 0.20367685600907784
136467537264.50278 0.10279461940099363 0.14497285546754995 0.20702210522340334
140207432715.8128 0.10337763211235494 0.1466012750340144 0.21026092338513822
144049820073.0156 0.10396844658800536 0.14826124276346334 0.21356185919949236
147997508128.73926 0.10452476574913416 0.14988561845126444 0.2167880845999392
152053382650.6278 0.10509633084744258 0.15155451018564944 0.2201027247687768
156220408490.8406 0.1055625775446484 0.15314434097783858 0.2234326733732656
160501631753.36856 0.10601144442293571 0.15474663287671803 0.22683505202302542
164900182020.7404 0.10642991252368804 0.1562733363885324 0.23009149044427135
169419274641.75143 0.10680999317024595 0.15770235451506961 0.23315790730940653
174062213081.89386 0.10718989997660085 0.1591574631606557 0.23628004567393715
178832391338.19382 0.1075062951229369 0.16056120196524326 0.23929010292131608
183733296420.2303 0.10783136108426908 0.16200341025843837 0.24238265084474372
188768510899.14618 0.1078834548921945 0.16339901875570548 0.24582403681407913
193941715526.5145 0.10786051820987004 0.1648095135272759 0.24943136568865584
199256691924.97592 0.10791601921487562 0.16609922595972332 0.2528000475372159
204717325352.60898 0.10807060611868041 0.16722754356900132 0.2558445781428469
210327607543.06604 0.10821351074127884 0.1683783855613713 0.25893644532214605
216091639623.53534 0.10823376380012913 0.16949400146855556 0.2618260278413185
222013635112.67447 0.10825457189444196 0.1706401908508706 0.2647947994243249
228097923000.69714 0.10820630605211706 0.17179726422481056 0.2679421503458667
234348950913.87885 0.1081362425658518 0.17298001231475763 0.27120433652860193
240771288365.7768 0.10802584388421196 0.1741653355155826 0.274507248710477
247369630097.55396 0.10786230659211696 0.1753442182011901 0.2778371808744307
254148799509.84412 0.10770187276052845 0.17652514535614838 0.28121029809771975
261113752188.66708 0.10760674568832408 0.17746033861934263 0.28423410479825406
268269579527.97272 0.10750901165689875 0.1784211608716814 0.28734077897886245
275621512451.45557 0.10740438214644128 0.17937564511755308 0.2901935811111172
283174925236.37665 0.10729554607195596 0.18034591241967401 0.2930169069043082
290935339442.1664 0.10702731331259686 0.1811777353179482 0.2959712539445281
298908427946.6974 0.10653593424568944 0.18180466565686468 0.299080579892846
307100019093.1646 0.10602562406291606 0.18245558735130357 0.30224933974123036
315516100950.62256 0.10544217163249986 0.18319806930983393 0.3052259007231991
324162825691.27075 0.10484272967714382 0.1839608990005433 0.3082840344154267
333046514087.7048 0.10425972372032638 0.18460642387280568 0.31113935680224997
342173660133.4132 0.10367197985139551 0.18522237154317278 0.31397490559968844
351550935789.8995 0.10305645587339707 0.18573076524998594 0.3165927615549529
361185195863.9004 0.10240702323396046 0.1860714426793947 0.31885113328363823
371083483018.2571 0.10173807723442968 0.18642039387355464 0.3211914473339623
381253032920.12415 0.10102834931371843 0.1867650050507768 0.3238582754173586
391701279530.2521 0.10029917128585673 0.18711906030385764 0.32659818797504453
402435860537.2221 0.09957835744133413 0.1872498342963937 0.3290802309421611
413464622940.62103 0.0988482030503594 0.1872986055703962 0.3315079828180445
424795628787.20685 0.09817090849832504 0.18748694632799293 0.33395223880154823
436437161064.282 0.09758767386864307 0.18789408945612815 0.33638615995357385
448397729754.57324 0.09697923835934608 0.18825349992639456 0.33885650783827853
460686078057.0459 0.09620285569308337 0.18765626156179666 0.34089768934731346
473311188778.2007 0.0954051962451021 0.18704265586847066 0.3429948094743817
486282290898.5155 0.09461107939365264 0.1868779114858617 0.34437118864713695
499608866318.8594 0.09380519982656915 0.18689197325238996 0.3454789321938731
513300656791.7727 0.09298066102372016 0.18683524651220376 0.34647132032577804
527367671042.7116 0.09213913523968262 0.18666042639255093 0.34725231685149394
541820192086.43695 0.09127483415515812 0.18648200289142275 0.34810348026233867
556668784743.931 0.09039309564377353 0.18632457060165503 0.35004068688087575
571924303365.2936 0.0894871930717334 0.18616282387699534 0.35203098268359645
587597899764.295 0.08860489006486684 0.18574040630828223 0.35333479149848745
603701031370.3744 0.08771879499141357 0.18519853513172663 0.35436235431077256
620245469604.0415 0.08680364613834578 0.18471976888101124 0.35535429405651664
637243308481.812 0.08585513589408579 0.18436321881407497 0.35626268410247147
654706973456.946 0.08488357295628465 0.18398545959995918 0.3571835435311554
672649230502.4939 0.08397945583586451 0.18323152379325422 0.35773224159012673
691083195443.2375 0.08305056136858308 0.18245692636144342 0.3582959767298282
710022343543.389 0.08208759215326014 0.1816113803074479 0.35846890932478126
729480519357.0234 0.08109435942946423 0.18072031626697918 0.35846400124998334
749471946848.4922 0.08004327586879124 0.17984984005954407 0.358517954878146
770011239790.1567 0.07890695123199354 0.1790384317217872 0.3586820837434701
791113412445.088 0.07774254255065072 0.1781996204420526 0.3588408953765987
812793890542.5215 0.07672546819439033 0.17703489581140863 0.35842854420279785
835068522554.0955 0.0756805208960745 0.17583825188013472 0.35800489253724527
857953591279.118 0.0748443422938408 0.17492744598503196 0.3576976270846773
881465825747.3113 0.07409896452676178 0.17414430298851855 0.3574432508005693
905622413447.7848 0.0731969037015064 0.173285431685487 0.3571389367366972
930441012893.1146 0.07200342336556131 0.17229680577430354 0.3567421829414769
955939766527.7373 0.07077909317204789 0.17128014751731643 0.3563343705217456
982137313990.1359 0.07009547363344547 0.1699453156434124 0.35585800825552955
1009052805738.436 0.06939311948840042 0.16857390267664518 0.35536859127235804
1036705917049.4321 0.0685798217088809 0.16754839965292606 0.3541136359413014
1065116862401.2529 0.06769749027192581 0.16669029267349125 0.3524408646405397
1094306410250.1846 0.06682307921952653 0.16556615924755863 0.3507480065461187
1124295898212.452 0.06599153430322773 0.1639063452541775 0.3490623752522453
1155107248662.0627 0.06513720088270014 0.16220104402677474 0.3473305492007398
1186762984756.0867 0.06430561964312567 0.16067997167140416 0.3457049514243764
1219286246899.1553 0.0634517434044143 0.15911968826575423 0.34403645035627156
1252700809659.1287 0.06249497760399484 0.1573435729957084 0.3423295621247536
1287031099146.3354 0.061468918503573555 0.15542499976823418 0.3405798729413249
1322302210869.1375 0.060473959855429 0.15360695238082686 0.3388407079151848
1358539928078.7747 0.05958304182390228 0.15207855921332591 0.33718353618878233
1395770740616.9773 0.05866770816679614 0.1505082804020336 0.33548094963973524
1434021864280.0908 0.05782297718721326 0.14931966948184805 0.33359819417081016
1473321260713.8774 0.056957499899194255 0.1481091526781393 0.3316604881440796
1513697657853.5383 0.0561858331347511 0.14648979998589706 0.32929237502008823
1555180570923.8662 0.05546063833158747 0.14460993444755013 0.32664228421186814
1597800324014.9685 0.0546997750730172 0.14275142707159247 0.32394465975003234
1641588072249.2185 0.05388070452908905 0.1410143474410977 0.3212324527137439
1686575824555.6904 0.05303918734134418 0.1392296631103289 0.3184459175921005
1732796467068.787 0.05223836158293895 0.13775040257383334 0.31646340401536655
1780283787168.0435 0.0514181353116254 0.13624475398490293 0.3144617198879871
1829072498176.7725 0.05061967919028787 0.1347047702529481 0.3120899355249505
1879198264737.5713 0.04982634549774078 0.13312681078827204 0.30946076395007066
1930697728883.2456 0.04904659243705592 0.13147162372866114 0.3067746025651439
1983608536822.2063 0.04833473287937276 0.12968519580323545 0.30405289202001756
2037969366457.9287 0.04760336479698746 0.12784981078657506 0.30125659294569523
2093819955662.5435 0.04697620288747122 0.12648607566700298 0.2987128035617163
2151201131325.3462 0.04633871025543766 0.12511377093892498 0.2961174652003901
2210154839197.3105 0.04554489451285881 0.12344435263201534 0.29328966671148815
2270724174553.485 0.04463951492484051 0.12156133674703827 0.29028002163366534
2332953413695.776 0.043759265489092376 0.1197753207290975 0.28748158389620837
2396888046318.9775 0.042990007544732 0.11834239619231361 0.28540100317428174
2462574808763.832 0.04219966807179227 0.11687020233137684 0.2832634040981444
2530061718181.3887 0.04155242689796051 0.11514092135593222 0.28086063323132854
2599398107633.633 0.04089912607300639 0.11334888677116958 0.2783773712375814
2670634662156.0513 0.040139285399112164 0.11178101049728528 0.2752826817893024
2743823455808.5024 0.039297906634611336 0.1103573524393552 0.2717309781661237
2819017989741.41 0.03847940584539298 0.10887353134304659 0.26821612669476647
2896273231305.276 0.03777181021653425 0.10728766178044476 0.26499444792736176
2975645654231.8877 0.03704482291602381 0.10565833143235162 0.26168447899213115
3057193279916.6885 0.036418816915303596 0.10403565569038731 0.25898945010763286
3140975719832.603 0.03578617909562315 0.10237297635732735 0.25628198581490236
3227054219106.0913 0.03515659902871156 0.10066464535345243 0.25362407140154947
3315491701287.467 0.034524551370299965 0.09890943522162693 0.2509830312894055
3406352814348.1367 0.03390890017424098 0.09724333613411895 0.24823083734036253
3499703977938.391 0.03338164271673864 0.09595995080715358 0.2452821618159929
3595613431940.313 0.03283993575859666 0.0946413942809211 0.2422526777828593
3694151286351.207 0.032209958805294696 0.09319704095485198 0.23900242906034516
3795389572534.2295 0.0315551035476576 0.09170380760078604 0.23564882405513146
3899402295873.413 0.030970539735859268 0.09020609221614032 0.2323011393982833
4006265489871.6987 0.030437625100131822 0.0886952776343914 0.22893673367983747
4116057271731.668 0.029886907658538443 0.08727480565114137 0.22581157992457465
4228857899459.3066 0.029310328255031673 0.08625903579979799 0.2237168853701395
4344749830532.78 0.028717947682018085 0.0852154287563812 0.2215647856716456
4463817782179.007 0.028210087258933928 0.08410081911630014 0.21872373928915484
4586148793302.123 0.027700485996138648 0.08295053884478278 0.21572869653943563
4711832288109.082 0.027177713355597367 0.08174399726349883 0.2132016410367433
4840960141478.949 0.026641258170141374 0.08048433082577494 0.21105137225820378
4973626746123.536 0.02610252803820402 0.07922261937946931 0.2087465962259953
5109929081588.775 0.02559431136530323 0.0780446602230738 0.20603040774233838
