SFE-vs-Mhalo_z4.3.ecsv
# %ECSV 1.0
# ---
# datatype:
# - {name: Mhalo, unit: solMass, datatype: float64}
# - {name: sfe_16, datatype: float64}
# - {name: sfe_50, datatype: float64}
# - {name: sfe_84, datatype: float64}
# meta: !!omap
# - {Description: 'MUV vs Mhalo relationship at z~4.3. This includes the log Mhalo range [8,14] which extends beyond the range probed
#     observationally. See Shuntov+25 for details'}
# schema: astropy-2.0
Mhalo sfe_16 sfe_50 sfe_84
[from data line 404]
5541660573268.311 0.017631816676871023 0.05142722095247804 0.1330350308529415
5693529886557.817 0.017286392044709414 0.05063105104189138 0.13123160661398134
5849561181263.199 0.01692878848651441 0.04994186206091713 0.1293135655291971
6009868516564.226 0.016574672822158465 0.04919660211931369 0.12738702267008048
6174569077434.656 0.016263433974611448 0.04828378051920192 0.12558203904079487
6343783260304.681 0.015943665620534567 0.047345943025797546 0.12372758980085806
6517634761070.974 0.01560438874144052 0.04650898790058096 0.12197738277048709
6696250665518.527 0.015254128909181633 0.045668946773818594 0.12020352820048033
6879761542220.768 0.014949757782528102 0.04485304229645772 0.11870841711166179
7068301537985.355 0.014687301801774374 0.04405749007273205 0.11746882670044885
7262008475915.679 0.014414042771752868 0.0432503643103998 0.1160998731095604
7461023956159.979 0.014117713285887712 0.04246526337708178 0.11428171349546457
7665493459421.221 0.013813262884832825 0.041658646737771025 0.11241372718260348
7875566453303.797 0.013518521782673872 0.04088699433535736 0.1107174226755616
8091396501574.641 0.01321887458654985 0.040104220076763605 0.10901378271632371
8313141376418.632 0.012938328119856011 0.03931881546242587 0.1072631507822418
8540963173770.412 0.012676229749344615 0.03852989794294789 0.10546425213432864
8775028431806.684 0.012408903182736438 0.03774188131733854 0.10370667325512546
9015508252686.154 0.012143496387226348 0.03703880046845307 0.1023295786817908
9262578427625.44 0.011870816113443133 0.036316451675546826 0.10091474480551196
9516419565402.676 0.01163338185681258 0.035644453184331445 0.09953215518049774
9777217224383.107 0.011397776590426224 0.03496772646258153 0.09812553362361681
10045162048162.469 0.011158944750718717 0.03431158480438046 0.09678464442244482
10320449904927.852 0.010916833327140215 0.03367702134827826 0.09551243224122928
10603282030637.74 0.01067023771133071 0.033036705072424934 0.09421570775074534
10893865176125.88 0.010428100316317301 0.032439526516918185 0.09293743269909074
11192411758236.553 0.010179327141393482 0.03182598227175271 0.09162412649536118
11499140015101.727 0.009965924606181545 0.031236899682148257 0.09032856881213244
11814274165673.393 0.009755754681830868 0.030640557787147013 0.08900907367106299
12138044573628.314 0.0095504388034145 0.030038942777213844 0.08771704250682472
12470687915764.201 0.009350832079242508 0.02943266324102876 0.0864575565382354
12812447355010.746 0.009148492533228178 0.0288178187558946 0.08517324017444454
13163572718182.504 0.008956452975864667 0.02823272170938957 0.08390979232916261
13524320678602.576 0.008759150570783289 0.02763159006720954 0.08261171967167807
13894954943731.36 0.00858084817845767 0.02705425599190571 0.08140145515915523
14275746447937.217 0.00840342049563023 0.026470605838749245 0.08018714658237956
14666973550550.016 0.008228688255336784 0.025899757720533434 0.07897522103679232
15068922239342.355 0.00805769585154551 0.02534576037956207 0.07777032318353683
15481886339587.232 0.00788208040115722 0.024787471416931838 0.07656215420767512
15906167728844.646 0.007702060369837299 0.024284437116905238 0.07551360306470983
16342076557635.053 0.00751710688613908 0.023767617152329886 0.07443631635775146
16789931476159.816 0.007337480665471249 0.023281450069627164 0.07347478044966381
17250059867234.918 0.007155609273418624 0.022793502105143932 0.07252430919765629
17722798085608.84 0.006992896471329051 0.02234303865444816 0.07157383329621313
18208491703838.258 0.006854512380048973 0.021940871835799777 0.07062836330686252
18707495764902.344 0.006714185898568751 0.02153078555955561 0.0696327620021727
19220175041739.844 0.00658356396341682 0.02113218039460324 0.06843247617811533
19746904303898.83 0.0064493623316505275 0.02072265144753275 0.06719929649824695
20288068591494.035 0.0063129246949441735 0.020313433501851736 0.06619159442143514
20844063496671.613 0.00617315141868607 0.01989622836735996 0.06522882489409607
21415295452788.23 0.0060310173536532174 0.019492590431199202 0.06432433369395048
22002182031514.44 0.005886840407302677 0.01910939990058889 0.06350175814228537
22605152248080.074 0.0057399899603094 0.018721729636610594 0.06264664867898058
23224646874885.77 0.005599829010476297 0.01837392958728015 0.0616843234227084
23861118763708.08 0.0054558269471502744 0.018016598070990385 0.06069562562450607
24515033176735.098 0.0053263394731363385 0.01765951702802342 0.05984697303336446
25186868126674.027 0.005198894727999266 0.01729569197495783 0.0590256855031148
25877114726179.387 0.005072884606781262 0.016940074442620145 0.05816384549016305
26586277546857.32 0.004949987094753134 0.01659893491827178 0.057254340348712594
27314874988108.547 0.004828575066342402 0.016254595536389634 0.05633707897023097
28063439656078.863 0.004751187557139899 0.01596081138229314 0.05556218259261947
28832518752995.95 0.004671679241777514 0.015658976067872393 0.05476605016505823
29622674477174.945 0.004572861953108296 0.015346496260300897 0.05399969725494528
30434484433986.13 0.004465739023545923 0.015024677618266898 0.0532292028549371
31268542058086.285 0.00436529294088354 0.014707555121264374 0.052477105252789605
32125457047220.125 0.004275643584786385 0.014400792889382126 0.05176009116628493
33005855807910.633 0.004183541490911406 0.01408871211490413 0.05102498687109978
33910381913363.465 0.004088962929438766 0.01380388740736149 0.05028782031952971
34839696573920.19 0.0039917924406921886 0.013511257073297617 0.04953045170460937
35794479120404.37 0.003901601839282419 0.013237433772534602 0.04876332522397696
36775427500713.81 0.0038123294680390105 0.012965537116900072 0.047979041874064716
37783258790021.3 0.0037222779168746326 0.0127039955564984 0.04723994431752949
38818709714958.78 0.0036322457713280644 0.012461849492711098 0.04658006147213176
39882537192165.586 0.003540399137987295 0.01221343249853344 0.045901358742359635
40975518881595.41 0.00345529991066103 0.011963388551050924 0.04519361472643556
42098453754988.24 0.0033678685373931955 0.011706492144437378 0.04446647497230954
43252162679919.65 0.0032876537968225946 0.0114767549319344 0.043836228765478685
44437489019856.68 0.003208867230733554 0.011253623767948882 0.04323278219604696
45655299250658.22 0.0031360327523578513 0.011028411146805042 0.04264583599722678
46906483593970.52 0.003074015970047441 0.010803398423979786 0.04209499605822161
48191956667981.195 0.003010690157569839 0.010572846870174627 0.041534187853978735
49512658156006.02 0.0029527105195446216 0.010347358074006722 0.04105098712069341
50869553493400.53 0.00289314194843784 0.010115689753096053 0.040554544262132675
52263634573294.516 0.0028274458630837152 0.009907078980447548 0.040037853621247385
53695920471667.18 0.0027581335772534823 0.009704630133652832 0.03950431968065822
55167458192294.96 0.002695361593793418 0.009516948690772227 0.03896379385875996
56679323432112.46 0.0026449987419147757 0.009358134809888839 0.03842122796184413
58232621367549.19 0.00259331111318731 0.009195044682930498 0.03787101730531714
59828487462415.734 0.0025415832439344356 0.009029373737720243 0.03748513662158845
61468088297929.96 0.0024884377714419733 0.008859162577109126 0.03708868087039131
63152622425490.19 0.0024323350373330653 0.00868460242011676 0.03657858535710096
64883321242818.82 0.002374046907594895 0.008505394702077793 0.03601014275441818
66661449894115.48 0.0023207826607350357 0.008336364324421794 0.03543983196218616
68488308194881.35 0.0022778157985436356 0.008189493694065587 0.03487823600731539
70365231582086.21 0.0022338372103861068 0.008038583507579404 0.034302775369562534
72293592090374.45 0.002195077795111593 0.007882973248487803 0.03377067485427907
74274799355026.84 0.002155256177325139 0.007723098487289552 0.033223992114265556
76310301642405.52 0.002116255101162726 0.007583868393696154 0.03272745855282774
78401586908639.78 0.0020770657065750466 0.007452348471917401 0.0322473136616091
80550183887324.9 0.0020351808182517846 0.007320914068458932 0.03177017626954611
82757663207029.39 0.0019890913012922187 0.007192833546152709 0.031310437899038
85025638539427.55 0.001941785772820141 0.007061060435896518 0.03083862370017313
87355767778896.84 0.0018971918658035702 0.006910133675334946 0.030398437089490093
89749754254440.66 0.0018513758619180332 0.006755070764032939 0.0299461871563788
92209347974827.12 0.0018160509616698503 0.00662130568832627 0.02951077430229256
94736346907847.9 0.0017855206512935303 0.006496407741542223 0.029077769036522767
97332598294635.03 0.0017519233419462173 0.006375875811169439 0.028646917148380864
100000000000000.0 0.0017129366921401898 0.0062676462460880345 0.028232347678261827
