SFE-vs-Mhalo_z5.4.ecsv
# %ECSV 1.0
# ---
# datatype:
# - {name: Mhalo, unit: solMass, datatype: float64}
# - {name: sfe_16, datatype: float64}
# - {name: sfe_50, datatype: float64}
# - {name: sfe_84, datatype: float64}
# meta: !!omap
# - {Description: 'MUV vs Mhalo relationship at z~5.4. This includes the log Mhalo range [8,14] which extends beyond the range probed
#     observationally. See Shuntov+25 for details'}
# schema: astropy-2.0
Mhalo sfe_16 sfe_50 sfe_84
[from data line 403]
5393842224631.413 0.024620658414246172 0.07573152703682853 0.2011829663958336
5541660573268.311 0.02416854610463385 0.07461787989780744 0.19918205593142405
5693529886557.817 0.023704304814291626 0.07343036038422432 0.197129273124418
5849561181263.199 0.023227564828583305 0.07217313899724521 0.19502277306016763
6009868516564.226 0.02274671166187716 0.07090081155782256 0.19281238283195198
6174569077434.656 0.02228810375707294 0.0696701774231422 0.1903587535661305
6343783260304.681 0.021816927693925042 0.06840581773662167 0.18783788254366574
6517634761070.974 0.021464088263321274 0.06727570019164955 0.1852864363718045
6696250665518.527 0.02112216165496216 0.06614109724761265 0.18267110677626677
6879761542220.768 0.020763756479348736 0.06508521231647195 0.18011933172933275
7068301537985.355 0.020389091259817447 0.06409985006044817 0.17762010423403032
7262008475915.679 0.02000820515359942 0.0630917645128658 0.1750431340525382
7461023956159.979 0.019634345966393813 0.062074526319656605 0.17235561551772605
7665493459421.221 0.019250241161060347 0.06102941069443726 0.16959444548641053
7875566453303.797 0.018866197711952616 0.060010938308651104 0.1671320884849098
8091396501574.641 0.01847348947346739 0.05897426640578748 0.16466803516985296
8313141376418.632 0.018121904053212214 0.057987675852989605 0.16221742415899143
8540963173770.412 0.01781033423594904 0.057049159263808324 0.159777137252659
8775028431806.684 0.017502144709780194 0.05609920445314362 0.15729248169838816
9015508252686.154 0.01724188873936303 0.055190773127536695 0.15484620054082712
9262578427625.44 0.01697450044913227 0.05425744622419321 0.15233287900166892
9516419565402.676 0.01671733225967652 0.05318520775566968 0.1505587077768631
9777217224383.107 0.01645654055346672 0.05206146934767433 0.14889358880198078
10045162048162.469 0.01615652270302876 0.05108872293679068 0.14739122299958746
10320449904927.852 0.01581585202015175 0.05027309946845456 0.14605835523056399
10603282030637.74 0.015473432346795171 0.0494422015647727 0.1445768970371064
10893865176125.88 0.015161193105383776 0.04862544120427066 0.14247046341186484
11192411758236.553 0.014840396941629657 0.04778629751057245 0.14030630293310598
11499140015101.727 0.014552052552834894 0.04689712042855269 0.1382479053395628
11814274165673.393 0.014264683567499676 0.04597775586840148 0.13616862856606235
12138044573628.314 0.013964037821865376 0.04518826668379677 0.13412688897441488
12470687915764.201 0.013649383993420828 0.04454276199026844 0.13213014571410672
12812447355010.746 0.013339227638875583 0.04387709021843023 0.1301057477744358
13163572718182.504 0.013096518142431979 0.043178837849797404 0.12818253980877042
13524320678602.576 0.012847157187627405 0.042461449861736965 0.1262066262922694
13894954943731.36 0.012618829151010102 0.04188573756212277 0.12430535920191764
14275746447937.217 0.012390821473057995 0.04133232980822321 0.12238238916152787
14666973550550.016 0.012164072142565834 0.040752683953207566 0.12076959661058487
15068922239342.355 0.011939579627332778 0.0401446591605367 0.11952207997991898
15481886339587.232 0.011711871758707311 0.039532810560694735 0.1181864206539538
15906167728844.646 0.011496949856543977 0.03898737164498511 0.11646461707252913
16342076557635.053 0.011276138015568824 0.038426984965428346 0.11469562743124512
16789931476159.816 0.011077875931692798 0.03786552569965193 0.11316739375493913
17250059867234.918 0.010881546743159911 0.0372923587155914 0.11167177188426379
17722798085608.84 0.010690003416516174 0.036746408971470364 0.11008807077701618
18208491703838.258 0.01050533310182127 0.03623668112089095 0.10840481616184283
18707495764902.344 0.010317766184134195 0.035719822012181435 0.10674515313791692
19220175041739.844 0.010140910942761698 0.035238880906830715 0.10555066735693422
19746904303898.83 0.009959208980139536 0.034744759601351066 0.10432344667043113
20288068591494.035 0.009776661371459964 0.034136190298113656 0.10291907601470957
20844063496671.613 0.0095902677723152 0.03348270788778915 0.10143605996875793
21415295452788.23 0.009394133843379086 0.03284536279921057 0.10006756689118164
22002182031514.44 0.009186786754574357 0.03223346042491247 0.0988571291698287
22605152248080.074 0.008976671343042298 0.03161536322450609 0.09757133231848528
23224646874885.77 0.008785233351960735 0.031068998634830404 0.09589653779636688
23861118763708.08 0.008588548999096692 0.030507660913194963 0.0941758454985525
24515033176735.098 0.008429927409859971 0.029931907505781577 0.09274430088683124
25186868126674.027 0.008280119519345965 0.029340668681638142 0.09137538207516921
25877114726179.387 0.008115084532795329 0.028784426523351305 0.08997259678504402
26586277546857.32 0.007930706406635972 0.028281167703846397 0.0885362303859571
27314874988108.547 0.007743073526335128 0.027770452937020743 0.08709150108338819
28063439656078.863 0.007567841563441973 0.02730755626993998 0.08590962954469862
28832518752995.95 0.007387807365276719 0.026831973910903875 0.08469536879403837
29622674477174.945 0.007228397227723914 0.0264058877530131 0.08357335278320686
30434484433986.13 0.007072969956911598 0.025988557350921686 0.08246160433909729
31268542058086.285 0.006919607456939389 0.025589315783061718 0.0813288284725847
32125457047220.125 0.006770956465148359 0.02522075130254645 0.08017831518342365
33005855807910.633 0.006619893225129716 0.024842264156915858 0.07901552260174267
33910381913363.465 0.006483955600536828 0.024455466752552793 0.07804407383831784
34839696573920.19 0.0063442926027594635 0.024058069157974878 0.077046002503076
35794479120404.37 0.006210050828558436 0.023677117742347778 0.07593999338381534
36775427500713.81 0.006075381497371712 0.023295336515851046 0.07477534450101286
37783258790021.3 0.005943762630448402 0.022895543257682026 0.0736749604349533
38818709714958.78 0.0058185928687024616 0.022473531843741224 0.07268790155057667
39882537192165.586 0.005692084986120593 0.022040808952910534 0.07167627456404278
40975518881595.41 0.0055917997972254226 0.02160834283081585 0.07067214953218842
42098453754988.24 0.005488766290823387 0.021164024966429277 0.06964050643475998
43252162679919.65 0.005399403989000576 0.02075204309114634 0.06864287319653406
44437489019856.68 0.005313815515576472 0.020345563535298105 0.06764139618131441
45655299250658.22 0.005230271253435745 0.019954984811621477 0.06664820509558934
46906483593970.52 0.005151372191989589 0.019596419370828386 0.06568424232183459
48191956667981.195 0.005069104366920764 0.019229490761225338 0.06469005252682035
49512658156006.02 0.004962704104111705 0.018879040696913412 0.0635995379849077
50869553493400.53 0.004853387940078997 0.018518986541931255 0.06247913787125662
52263634573294.516 0.004749793824972059 0.018216173261147998 0.061485155160320944
53695920471667.18 0.004646882345304716 0.01793217013866553 0.06052740274212079
55167458192294.96 0.004545523307632372 0.017630779263177555 0.05965259625316485
56679323432112.46 0.004448707080911496 0.0173050492715735 0.058936620050193914
58232621367549.19 0.004350065347386872 0.016972328040444722 0.05819851472047307
59828487462415.734 0.004269276638472275 0.01667855249871588 0.05737790291017819
61468088297929.96 0.004186273913455069 0.016376726032684887 0.0565348022176324
63152622425490.19 0.004106874522221108 0.016099538706984533 0.05568437366910727
64883321242818.82 0.004027836732253105 0.015828962604923467 0.054817450184510105
66661449894115.48 0.00394621630643046 0.015546249504409035 0.053949925065812566
68488308194881.35 0.003861619326756566 0.01524740425953007 0.05309974322155097
70365231582086.21 0.0037750112461447083 0.014942301116403215 0.05222747925197129
72293592090374.45 0.0036979374820796944 0.01470370438075216 0.05137847712244715
74274799355026.84 0.003618751510046251 0.014458568897027787 0.05050620807343427
76310301642405.52 0.0035449247531570997 0.014197109781966161 0.04971569786818195
78401586908639.78 0.00347254240546528 0.013924061462209697 0.04895218713165765
80550183887324.9 0.003402338869114191 0.01367302676260181 0.048244405934786176
82757663207029.39 0.003338058215492414 0.013470717576785486 0.047661730853114745
85025638539427.55 0.0032718777488481244 0.013263033749910906 0.04706460360391951
87355767778896.84 0.003192116419142664 0.013064102983896694 0.046580197659753894
89749754254440.66 0.0031101692286813515 0.012859720516460655 0.046082516561485876
92209347974827.12 0.00304072126112147 0.012669067375373417 0.04547344328850919
94736346907847.9 0.0029766036379319906 0.012482672467065487 0.04479972276833485
97332598294635.03 0.0029159818138975494 0.012295796638471312 0.04415518290659646
100000000000000.0 0.0028642233186000226 0.012113070491594857 0.04358843774566002
