SFE-vs-Mhalo_z7.3.ecsv
# %ECSV 1.0
# ---
# datatype:
# - {name: Mhalo, unit: solMass, datatype: float64}
# - {name: sfe_16, datatype: float64}
# - {name: sfe_50, datatype: float64}
# - {name: sfe_84, datatype: float64}
# meta: !!omap
# - {Description: 'MUV vs Mhalo relationship at z~7.3. This includes the log Mhalo range [8,14] which extends beyond the range probed
#     observationally. See Shuntov+25 for details'}
# schema: astropy-2.0
Mhalo sfe_16 sfe_50 sfe_84
[from data line 196]
20015657595.67169 0.025843117441058047 0.031706519180569 0.03794093825688113
20564187072.33356 0.026330868757365674 0.032275361463440164 0.038641168509693916
21127749009.72417 0.026832049151107745 0.03282720618246617 0.03932022977885075
21706755372.715385 0.027336054163552833 0.03338977556348883 0.04004095979308866
22301629416.08428 0.027825118364258043 0.0339561698648067 0.040842211762238366
22912805993.91288 0.02832758537867463 0.03453808621271233 0.04166542205682449
23540731877.46785 0.028850879582782697 0.035174958568232585 0.04246759170310494
24185866081.790825 0.029388972302582396 0.035831814001929356 0.04328891745780625
24848680201.239372 0.029876865374381615 0.03651334257464182 0.04417287869309766
25529658754.223385 0.030334600152931122 0.03721802024767006 0.04510795936429354
26229299537.388985 0.030818408430081837 0.037905729975389504 0.04606099833280913
26948113989.50895 0.031353697043085424 0.03850979269421102 0.04701849358383459
27686627565.34501 0.03190365525069756 0.03913040976331758 0.04800222901040451
28445380119.756954 0.03236973393502415 0.03994676309708283 0.04897965510007443
29224926302.33727 0.03284058737538286 0.04079993506633759 0.0499811784946972
30025835962.860703 0.03330391538337703 0.04162021892318149 0.05102153459063091
30848694567.846264 0.033765445928955445 0.04242305830123923 0.05209848024822872
31694103628.533916 0.03425747875354736 0.043259572773541886 0.053206767889237526
32562681140.590588 0.03481719312106288 0.044154447106408985 0.054350978030672785
33455062035.86619 0.03539224647145348 0.04507384548736891 0.055526545272771496
34371898646.53005 0.0359353978807272 0.045940329512850424 0.056670417125280086
35313861181.92713 0.03648879727927143 0.04682295998599727 0.05783941866644343
36281638218.5018 0.03705236782631383 0.04773524487181341 0.05907507233651278
37275937203.14938 0.03762763350606245 0.04867663414790923 0.06037057473939572
38297484970.36067 0.03819542271479986 0.04964596155961328 0.061668389426149404
39347028273.539665 0.03870276078346398 0.05064885010062856 0.06289322015340688
40425334330.88107 0.03922400246153804 0.051679222821162836 0.06415161739001368
41533191386.20932 0.0397950185068667 0.052791199972170855 0.06552058402958937
42671409285.18562 0.04038573826823221 0.05393974852770631 0.06693576037124031
43840820067.30695 0.04095937964359951 0.055077877324222625 0.06841099391404253
45042278574.1285 0.04152233182990847 0.05621393663978545 0.06994354533325287
46276663074.154495 0.0420899478313714 0.057358681133356085 0.0715126740834509
47544875904.85443 0.04263507631164059 0.058455457055614224 0.07310564081007472
48847844132.2727 0.043195144048267686 0.05958229014285796 0.0747422628201042
50186520228.71682 0.043715153691637074 0.060746281119690354 0.07628233024153355
51561882769.01584 0.044242114300645057 0.06194299829477197 0.07784597279382714
52974937145.860756 0.04475193400423833 0.06314632397106744 0.07945815597165684
54426716304.74775 0.04524922075862692 0.06436064961155144 0.08111929537593661
55918281499.06458 0.04574676880326113 0.06560640064067558 0.08283554151575914
57450723065.86805 0.046206719913221325 0.06687918848229082 0.08463555163200905
59025161222.922714 0.04667927599208802 0.06818685709888563 0.08648489105969094
60642746887.582245 0.04725771044919243 0.06946635764393433 0.08837812735446081
62304662518.11226 0.04786591705178695 0.07077133533833403 0.09032223156989622
64012122978.06987 0.04848274214871367 0.0720712032789226 0.09223340813295863
65766376424.37027 0.04910933226408444 0.07337044385402768 0.09412050395294543
67568705219.6934 0.04971920466879563 0.07469512117866495 0.09606349800843143
69420426869.89284 0.05020436441000132 0.07601366452937829 0.09807719345072997
71322894987.09425 0.05070281996313162 0.07736834258566706 0.10014607425488009
73277500279.19019 0.051310233337870145 0.07871169315344555 0.10228250742378601
75285671566.44913 0.05195034256027963 0.08008369808543825 0.10447931768342579
77348876825.98613 0.05257394363101919 0.08154317496350322 0.1066673903692167
79468624264.857 0.05318272557370768 0.0830893844958451 0.10885082174571302
81646463422.56056 0.05376694029039126 0.08465179275069798 0.11109700853357098
83883986303.75539 0.05417885589494434 0.08613752968758791 0.11341807469875062
86182828542.0169 0.054602060054465607 0.08766398327345873 0.1158027497262817
88544670595.49083 0.05525808720588598 0.08909314740899889 0.11826894840698017
90971238975.30988 0.05597360422958065 0.09053537249428681 0.12080576780205116
93464307507.6776 0.05664842762834353 0.09202590184830178 0.12333453692333096
96025698630.53717 0.057282042972161835 0.09356597177658445 0.12585580798449578
98657284725.77939 0.05791396431592049 0.09514730918204108 0.12843650751374927
101360989487.95593 0.058467515424741705 0.09676727279137796 0.13103939480089072
104138789330.50423 0.05903623661221639 0.0984316315342044 0.13371361426358527
106992714830.50952 0.0596927192079231 0.10011338973382394 0.13639110257814288
109924852213.06062 0.06038216962747713 0.10183538230736568 0.1391274382816112
112937344876.28502 0.06105337647911813 0.10355818991356167 0.14188257906233498
116032394958.17519 0.061704134545023236 0.10527970544668167 0.14465446047903038
119212264946.35857 0.062372782293287375 0.10704241054968715 0.14751211556568652
122479279331.97849 0.06306006361022282 0.10882013925070064 0.15050260783118782
125835826308.90276 0.06376617988470577 0.11064658664053852 0.15357505459403828
129284359519.49596 0.0643142592091346 0.112510852319806 0.1565983176727045
132827399848.23985 0.06483690751580863 0.11442341807385731 0.15967401674042292
136467537264.50278 0.06539481830159484 0.11637715821884015 0.1629411674326542
140207432715.8128 0.06599115661141032 0.11837202096417589 0.16641626875576604
144049820073.0156 0.06658259385933907 0.12040489025098979 0.1699215931726071
147997508128.73926 0.06705853565599332 0.12239016727721305 0.17311992821890174
152053382650.6278 0.06754752064662675 0.12442985085805607 0.1764059136979017
156220408490.8406 0.06813422366661223 0.12629793786875143 0.1799209240091784
160501631753.36856 0.06875802315659639 0.1281605121932126 0.18356690499101225
164900182020.7404 0.06932213443409126 0.13008311854420834 0.187202438655315
169419274641.75143 0.06981205448991792 0.1320689083195697 0.190808743812808
174062213081.89386 0.07033183440373011 0.13409592240988208 0.19448642463875482
178832391338.19382 0.07098057328015014 0.136086370377538 0.19807324188413677
183733296420.2303 0.07164709085780305 0.13813136660956157 0.20175835592426988
188768510899.14618 0.07225568470901084 0.14023676041619518 0.20573120082650337
193941715526.5145 0.07286029118030951 0.14240103368418117 0.20986357359194235
199256691924.97592 0.0734269211702406 0.14461938973076593 0.2140631658243058
204717325352.60898 0.0739417722188767 0.14689208725997882 0.21832105073258096
210327607543.06604 0.07445637140691921 0.1492063285807107 0.2226796759422455
216091639623.53534 0.07487088781787413 0.15141909437796838 0.2270309558676606
222013635112.67447 0.0752967640589462 0.15369250106393784 0.2315014827020969
228097923000.69714 0.07584446471491328 0.15590154533295628 0.23581865206981154
234348950913.87885 0.07643955943190421 0.15813388980075907 0.240173028948486
240771288365.7768 0.07701654233980129 0.16035923215675393 0.2444863004316367
247369630097.55396 0.07756443551139551 0.1625566187171773 0.2487084842776489
254148799509.84412 0.07811582889240976 0.16477982689202475 0.2530865521354923
261113752188.66708 0.07857651901461418 0.16674786699321908 0.2579537849447235
268269579527.97272 0.07904983435836978 0.16876984127077532 0.26295440436155887
275621512451.45557 0.0794878241155947 0.17077792037432926 0.26766346140322683
283174925236.37665 0.07992247967873889 0.17281902140336583 0.2723654610256188
290935339442.1664 0.08040375547868422 0.17498059749569017 0.27729475927444464
298908427946.6974 0.0809461059495928 0.17729045186270195 0.28249495733299396
307100019093.1646 0.08149680494928674 0.17964200506014158 0.28777556857080666
315516100950.62256 0.08199207531042757 0.18182415243573352 0.292528679958985
324162825691.27075 0.0825009185652245 0.1840661016016094 0.2974120504550548
333046514087.7048 0.08281004083163897 0.18615048710487686 0.30218376092227606
342173660133.4132 0.0830545609702274 0.18821709584698093 0.3070022831089843
351550935789.8995 0.08331843866586396 0.19026825200879594 0.31188716109901665
361185195863.9004 0.08360802386466018 0.19227038601606222 0.3168100063876187
371083483018.2571 0.0838978147100776 0.19428073870603596 0.32186699056342055
381253032920.12415 0.0840943935006395 0.1957357662610102 0.3270524626309598
391701279530.2521 0.08429635953669135 0.197230668873771 0.33238004265902305
402435860537.2221 0.08462253020131809 0.1990892286445454 0.33753173699312866
413464622940.62103 0.0850012328359781 0.20111726200225194 0.34270636820668954
424795628787.20685 0.08525000817493507 0.20313168548086022 0.34792438753360894
436437161064.282 0.08528875686547002 0.20509438298644636 0.3531332930381032
448397729754.57324 0.08535320374013647 0.20709916999930258 0.35847170538855927
460686078057.0459 0.0858237426775241 0.20896690868702208 0.36373907035884323
473311188778.2007 0.0863071767434301 0.21088583278896167 0.36915078756620673
486282290898.5155 0.08660477230966075 0.21273904201542787 0.3738325632568586
499608866318.8594 0.0868321498270642 0.21459646667357174 0.3782969066130104
513300656791.7727 0.08705398431151175 0.21655471265572723 0.38300224323949306
527367671042.7116 0.08726261912276889 0.21864836014584385 0.388030801517381
541820192086.43695 0.08748179322040936 0.2207823361001242 0.39318757098467905
556668784743.931 0.08781205295552523 0.22260326325967666 0.3982765222091814
571924303365.2936 0.08815136346495614 0.22447409296263016 0.4035049362386699
587597899764.295 0.0882353730447939 0.22613252419653537 0.40876959764444326
603701031370.3744 0.08821028741020608 0.22772539928818908 0.414133474038975
620245469604.0415 0.08820819812689272 0.22921241274419377 0.41936236978899183
637243308481.812 0.0882471688458089 0.23048060730197206 0.4242450246070758
654706973456.946 0.0882899579641309 0.2317818176570006 0.4292314225154737
672649230502.4939 0.08842188744672197 0.23306306517139505 0.4333928505540923
691083195443.2375 0.08855743245928979 0.23437942529826233 0.4376683226071671
710022343543.389 0.08844093897188803 0.2357304117394121 0.4418577810816384
729480519357.0234 0.08820631100113176 0.23711777096980885 0.44607073613176895
749471946848.4922 0.08805013596104162 0.23839665141893307 0.4504279247527435
770011239790.1567 0.08804607213189788 0.2394406641193367 0.454957542784838
791113412445.088 0.08803629217920728 0.24052578808248387 0.45959554024542804
812793890542.5215 0.0876976085510991 0.2423735937652763 0.4634368545819203
835068522554.0955 0.08734964329172838 0.2442720385979098 0.4673834402107805
857953591279.118 0.0869442569282984 0.24521214175034256 0.47076682483941507
881465825747.3113 0.08650482415941488 0.24569404575078962 0.4739213536288637
905622413447.7848 0.08618855035847671 0.24613283276891923 0.4775093187525581
930441012893.1146 0.08612824389831225 0.2464734006803562 0.4818747806384933
955939766527.7373 0.08606570690943104 0.24682367915620398 0.4863565825200916
982137313990.1359 0.08582281425514694 0.2473002014751701 0.48994234854114627
1009052805738.436 0.08557326512305778 0.24778978289734035 0.49362638254812935
1036705917049.4321 0.08541531088375696 0.24824054511941104 0.49642319643760807
1065116862401.2529 0.08530320816050033 0.24867703116555162 0.4987928952897161
1094306410250.1846 0.08519963037910638 0.24867286417510662 0.501368264473406
1124295898212.452 0.08511735771034863 0.2477262987103425 0.5043071901629851
1155107248662.0627 0.08503283035754057 0.24675379260103372 0.5073266571669205
1186762984756.0867 0.08434758988500807 0.24680861135878485 0.5103261752634255
1219286246899.1553 0.08363716063344848 0.24687622213836785 0.5134067951622053
1252700809659.1287 0.08331548404385782 0.24704600765172388 0.5160635134727235
1287031099146.3354 0.08320619707239557 0.24727480801839857 0.5185175901771273
1322302210869.1375 0.08312336263314155 0.24740860919685356 0.5210334970527196
1358539928078.7747 0.08310355205910623 0.24732153273452684 0.5236063261242708
1395770740616.9773 0.0830831985759131 0.24723206994009583 0.5262496636254058
1434021864280.0908 0.08288929481871608 0.2470087400401978 0.5270612667442314
1473321260713.8774 0.08268573174886942 0.24677598877385834 0.5278472811272784
1513697657853.5383 0.08221860814172825 0.24629083539783622 0.5288286006854733
1555180570923.8662 0.08159025482532392 0.2456508383531066 0.5299367875473452
1597800324014.9685 0.0810165100385669 0.24518531812005812 0.5313191779422931
1641588072249.2185 0.08059692483596496 0.24516118076792645 0.5333161482678832
1686575824555.6904 0.0801658408929146 0.24513638193120108 0.5353678456031837
1732796467068.787 0.07930549475609452 0.24453067674425405 0.5363211555096089
1780283787168.0435 0.07840489905400867 0.24388519950051582 0.5372544787064691
1829072498176.7725 0.07789266254912315 0.2429308778882182 0.5384508917452344
1879198264737.5713 0.07761845994690014 0.24177271578542792 0.5398250423568308
1930697728883.2456 0.07719719184758758 0.24061555111306174 0.5409851042595258
1983608536822.2063 0.07641171752517258 0.23950940419700634 0.5415407631945419
2037969366457.9287 0.07560471726402943 0.23837294330370196 0.5421116499732286
2093819955662.5435 0.07524717187962142 0.23648234673749413 0.5414594635632718
2151201131325.3462 0.07490585144505711 0.23450004030077073 0.5407210456759445
2210154839197.3105 0.07419499550821423 0.23309238903185495 0.5399123176725477
2270724174553.485 0.07323169453881961 0.2320529829828742 0.5390490389569619
2332953413695.776 0.07230863644154165 0.23098800776118464 0.5384906424408845
2396888046318.9775 0.0715405774623531 0.22990173527836877 0.5388057853455964
2462574808763.832 0.07075146981224849 0.22878569347752456 0.539129564747599
2530061718181.3887 0.07011017404992712 0.22755042822605365 0.5408015139879006
2599398107633.633 0.06946331327668023 0.22627502782974857 0.5426142122879275
2670634662156.0513 0.06873263232949421 0.22445758244156283 0.5411754339512661
2743823455808.5024 0.06793665421548695 0.22224297780394411 0.5374359767506557
2819017989741.41 0.06706156782667949 0.2201201608327056 0.5343290793153221
2896273231305.276 0.06599619369778628 0.21838176146827457 0.5332706022231686
2975645654231.8877 0.06490162297065089 0.21659572123623533 0.5321831175461956
3057193279916.6885 0.06412901436136745 0.21484777642148906 0.5291183929569572
3140975719832.603 0.0633658679690269 0.21305950553664038 0.5258001686498824
3227054219106.0913 0.06259354737234313 0.21139790887058382 0.5239495080315557
3315491701287.467 0.06180857243159792 0.20981814146325548 0.5231780070803959
3406352814348.1367 0.06108227095918715 0.2082055546562031 0.5219077520499259
3499703977938.391 0.060586402353510746 0.20658147484619757 0.5191115996460822
3595613431940.313 0.06007694445927531 0.2049128870981447 0.5162388186324901
3694151286351.207 0.059267142583333515 0.20314176065972378 0.5134848099347664
3795389572534.2295 0.058405451583831335 0.20131620543442502 0.510675807489106
3899402295873.413 0.057578396080969936 0.19936206171150678 0.5081816728067481
4006265489871.6987 0.0567733468960853 0.19729411799465799 0.505919693243956
4116057271731.668 0.056008370337464634 0.1952648197406792 0.5036823540595777
4228857899459.3066 0.05543165691093337 0.19350087129200702 0.501675409787154
4344749830532.78 0.05483913864199176 0.19168858180258794 0.49961346516881705
4463817782179.007 0.05434017186070664 0.19060313233659204 0.4980527377586152
4586148793302.123 0.05384079994597052 0.18958178394171976 0.49651664473212076
4711832288109.082 0.05322988716102066 0.1882370980216155 0.49460624063027187
4840960141478.949 0.05252288266614012 0.18661606808809686 0.49237409412328476
4973626746123.536 0.051763148098206604 0.18503979610684004 0.49003772931710793
