SFE-vs-Mhalo_z4.3.ecsv
# %ECSV 1.0
# ---
# datatype:
# - {name: Mhalo, unit: solMass, datatype: float64}
# - {name: sfe_16, datatype: float64}
# - {name: sfe_50, datatype: float64}
# - {name: sfe_84, datatype: float64}
# meta: !!omap
# - {Description: 'MUV vs Mhalo relationship at z~4.3. This includes the log Mhalo range [8,14] which extends beyond the range probed
#     observationally. See Shuntov+25 for details'}
# schema: astropy-2.0
Mhalo sfe_16 sfe_50 sfe_84
[from data line 198]
21127749009.72417 0.05054110116252643 0.06432752865213516 0.07953813122383013
21706755372.715385 0.05144927666822694 0.06552328590157962 0.08070220601958172
22301629416.08428 0.05246985820522777 0.06676798677756675 0.08190026191014153
22912805993.91288 0.05351840879863873 0.06804679870470666 0.08313115054514233
23540731877.46785 0.054418516993765875 0.0691082664507226 0.08430200836434977
24185866081.790825 0.055331803258843494 0.07018245706883054 0.0854988733172829
24848680201.239372 0.05632507736598014 0.07135849417669049 0.0867451034743301
25529658754.223385 0.05738240764813256 0.0726152910194525 0.08803658906737834
26229299537.388985 0.05845081497223124 0.07386154157433204 0.08939469010635195
26948113989.50895 0.059497935197890976 0.0750148476248928 0.09087821599077718
27686627565.34501 0.060573751773227685 0.07619976004967921 0.09240239793024853
28445380119.756954 0.06160160766618177 0.07744548656408441 0.09380086053149791
29224926302.33727 0.06265137227852469 0.0787276430608309 0.09522410998239796
30025835962.860703 0.06374567767127355 0.08003258479250774 0.09659447087105094
30848694567.846264 0.06488116309515182 0.08136452424314157 0.09793718650260293
31694103628.533916 0.06602128627520651 0.08271107388542964 0.0993688091456178
32562681140.590588 0.06711227157987458 0.08402807187666057 0.10099784924396658
33455062035.86619 0.06823315535754335 0.0853811622228612 0.10267153321715873
34371898646.53005 0.06923412742073276 0.08666792190913856 0.10434970915448212
35313861181.92713 0.07024787601802449 0.08797988404593624 0.10606985002186631
36281638218.5018 0.07136427700973466 0.08939898658570175 0.10765185427352977
37275937203.14938 0.07256747764439708 0.09091041836113817 0.10913812759577508
38297484970.36067 0.07377641272518766 0.09242177342561617 0.11069731232809274
39347028273.539665 0.07492939302146229 0.09383883018815664 0.11240447093650355
40425334330.88107 0.07611397076466017 0.09529472141819519 0.11415841425900974
41533191386.20932 0.07719808908010603 0.0968029412594599 0.11593617405101188
42671409285.18562 0.07829673009131842 0.09835391411661303 0.11775988256682612
43840820067.30695 0.07934468939335784 0.09990605257355811 0.11961482090322349
45042278574.1285 0.08035723102303755 0.10146790961068647 0.12150570957159887
46276663074.154495 0.08140435189087723 0.10305628156093032 0.1234239972110942
47544875904.85443 0.08250431034152111 0.10463061657592329 0.12530854443866354
48847844132.2727 0.08363441317440147 0.10624809627191074 0.1272447377188063
50186520228.71682 0.08471093369931121 0.10779562059785457 0.12921619299125803
51561882769.01584 0.08580581635502324 0.10937049800699096 0.1312393309373467
52974937145.860756 0.08687390601604963 0.11096070130751298 0.13322887240127165
54426716304.74775 0.08792360027656707 0.11257112551738754 0.1351982123547038
55918281499.06458 0.08894702803974568 0.1142217007399739 0.13720054277972693
57450723065.86805 0.08978757197198914 0.11590224521919235 0.13917733795553855
59025161222.922714 0.09065115102666418 0.11762884505179036 0.14120830724069794
60642746887.582245 0.09155477208582602 0.1191801653437264 0.14327543857602024
62304662518.11226 0.09248560987965293 0.12074065569073363 0.1453962991779087
64012122978.06987 0.09340366686963913 0.12233478767455472 0.147577717710201
65766376424.37027 0.09431292318282261 0.12396451506496506 0.1498210783025605
67568705219.6934 0.0952665536270435 0.12564268236399118 0.15209020018103306
69420426869.89284 0.09632751123704303 0.12738260274990643 0.15427244998573889
71322894987.09425 0.09741754441050024 0.12917020568705204 0.15651450438780018
73277500279.19019 0.09827180883908881 0.13101498732779895 0.1588602105941568
75285671566.44913 0.09910474611343012 0.13291170447452907 0.16127730948147329
77348876825.98613 0.09995988181982446 0.13468775423722165 0.16366055600813056
79468624264.857 0.10083786381614748 0.1363506875053949 0.16601531730685606
81646463422.56056 0.1017551641673009 0.13805252554743136 0.1684041453410665
83883986303.75539 0.10276725214096986 0.1397705634685115 0.17071936468709797
86182828542.0169 0.10380707640478447 0.14153568425145743 0.17309803266329105
88544670595.49083 0.10500866916599529 0.14329490541479067 0.1754387744779537
90971238975.30988 0.10626819923488662 0.14509215413439525 0.17782431577454885
93464307507.6776 0.10723621865803525 0.1468897025695259 0.1803209467629634
96025698630.53717 0.10790798672778049 0.14868804665117147 0.1829312564207725
98657284725.77939 0.1085647953578612 0.1504793972015082 0.18557174980239574
101360989487.95593 0.10907206271337014 0.15203728196670813 0.1880769855786666
104138789330.50423 0.10959323174039372 0.15363786059349463 0.19065087738897996
106992714830.50952 0.11011054102268807 0.1553731415508075 0.19330100590073349
109924852213.06062 0.11063826251118951 0.15717482748443837 0.196024943844931
112937344876.28502 0.1112335468995074 0.15896150285476168 0.19860364038797154
116032394958.17519 0.11190068395755653 0.1607297999144154 0.20102301852176088
119212264946.35857 0.11256514356784603 0.1624608675488011 0.2035300359074534
122479279331.97849 0.11313131943992569 0.1637631299607286 0.20622434001829773
125835826308.90276 0.11371301137253585 0.1651010808987952 0.20899248158448588
129284359519.49596 0.11394665000765415 0.16650573028591129 0.21134974522972766
132827399848.23985 0.11410368708495497 0.16795572251190047 0.2136606149882908
136467537264.50278 0.11431685885600001 0.16934520821752022 0.21604877406366751
140207432715.8128 0.11459314608208819 0.1706620034031603 0.218517806392749
144049820073.0156 0.11482431499720722 0.17202078565982726 0.22102908899456208
147997508128.73926 0.11473515938798538 0.1734533850431794 0.2234516377154153
152053382650.6278 0.11464356046759908 0.17492524483984867 0.22594057642998683
156220408490.8406 0.1145632924875304 0.17631451434468212 0.2282107131369689
160501631753.36856 0.1144842749715878 0.1777112147850766 0.2304715194163931
164900182020.7404 0.11440981426447958 0.179139924101911 0.2327913272771746
169419274641.75143 0.11434116175590035 0.1806004691632062 0.23517125832067776
174062213081.89386 0.11423248358472222 0.1820615371161724 0.23761150076478454
178832391338.19382 0.1138545618914449 0.18328689305701262 0.24008433935915632
183733296420.2303 0.11346628324698366 0.18454582990069057 0.24262494614218524
188768510899.14618 0.11332179905543724 0.18578451748475333 0.24486232616856424
193941715526.5145 0.11324236903480675 0.18704230065289376 0.24705988812616292
199256691924.97592 0.11308654853674735 0.18816113272544982 0.2491807035943442
204717325352.60898 0.11283488077846533 0.18909663162892928 0.2511906231781049
210327607543.06604 0.11252441753260943 0.19002680262651178 0.2532184935181097
216091639623.53534 0.11179280742646824 0.19073626403683383 0.2550067127955294
222013635112.67447 0.11104114753146921 0.19146516825058404 0.25684393825621915
228097923000.69714 0.11060249034716454 0.19198097938545866 0.2586779184140315
234348950913.87885 0.11024988847030258 0.19244240571281532 0.2605464024127986
240771288365.7768 0.10987128514083866 0.19282086733422896 0.26230112088965973
247369630097.55396 0.10946099248072369 0.193084975758294 0.26388871961734195
254148799509.84412 0.10902977609771079 0.19334978075283404 0.2655387954459304
261113752188.66708 0.10849779211166038 0.19356173188492723 0.26740840466282356
268269579527.97272 0.10795122909436568 0.19377949154182206 0.2693292505558244
275621512451.45557 0.10712621468910716 0.19387851274852258 0.2710309649211522
283174925236.37665 0.10619492134329547 0.19394064548339948 0.27269300976707234
290935339442.1664 0.10520290941220517 0.1938873987890876 0.27418341931770873
298908427946.6974 0.10413515283817512 0.193671161364269 0.27541503783791843
307100019093.1646 0.10305088267117686 0.19347277359467616 0.2766887748460553
315516100950.62256 0.10207489846715151 0.1935263205600663 0.27808798021325914
324162825691.27075 0.10107216739747332 0.19358133498106025 0.279525530830133
333046514087.7048 0.10006584674753644 0.19333100205677523 0.28072839748243683
342173660133.4132 0.09904011832800488 0.19296886446814268 0.2818704934514263
351550935789.8995 0.09804183663243281 0.19273841838500586 0.28297042634008596
361185195863.9004 0.09709729888411875 0.19270838784016647 0.28399326271031033
371083483018.2571 0.09612831745757212 0.19266939228266344 0.2850152189112912
381253032920.12415 0.09515164193050049 0.19252278864837688 0.28568687758210987
391701279530.2521 0.09414820059205466 0.19237216733870752 0.2863769430715625
402435860537.2221 0.09319178250583207 0.19183356001895027 0.2869153947376678
413464622940.62103 0.09223652958735415 0.1911391820746417 0.28740596040002175
424795628787.20685 0.09122581706878624 0.19032177100352798 0.28791127922804055
436437161064.282 0.09014215195170215 0.18932121961577375 0.28843246972179437
448397729754.57324 0.08903413053412045 0.1882646722575938 0.28894454790172347
460686078057.0459 0.08798340848413641 0.18671018890662963 0.2890866962647893
473311188778.2007 0.08690389137641105 0.18511310490990035 0.2892327402064454
486282290898.5155 0.08583432333213756 0.18403223967283155 0.28949353207995043
499608866318.8594 0.08475100662606393 0.18314220073270993 0.28980506766294367
513300656791.7727 0.08366494338369072 0.18224775852135397 0.28997003792022835
527367671042.7116 0.08259323052912614 0.18136153251725487 0.2898855664563167
541820192086.43695 0.08149501621332263 0.18044505123874421 0.28979125155613694
556668784743.931 0.08042922678311269 0.1793733867533412 0.2895302818430796
571924303365.2936 0.07933422937332024 0.17827235328235647 0.2892621602500781
587597899764.295 0.07830870808284121 0.17679544155825308 0.28907205953567383
603701031370.3744 0.07729696573390166 0.17513251216702236 0.28891268967897893
620245469604.0415 0.07624356257764205 0.17361878704380931 0.2886661066850655
637243308481.812 0.07513710022308487 0.17240172852847804 0.28826893862178404
654706973456.946 0.07400652161497931 0.17114787427981032 0.2878586141735706
672649230502.4939 0.07304346111575642 0.16974956369466768 0.28736437859828856
691083195443.2375 0.07205400792525633 0.16831293238137446 0.2868565984876765
710022343543.389 0.07084556814146802 0.16656600250181816 0.2863018579993727
729480519357.0234 0.06951777949308183 0.1646494361711195 0.2857170637264554
749471946848.4922 0.06824662804281362 0.1627457495786012 0.2849232697727787
770011239790.1567 0.06711203361060634 0.16091039365384646 0.2837521811074752
791113412445.088 0.06595295832096736 0.15902786073412745 0.28255236815346935
812793890542.5215 0.06514985670578037 0.15727673547881843 0.28151724068741324
835068522554.0955 0.06432474607557206 0.15547762060262027 0.2804537455334848
857953591279.118 0.063295743330902 0.15359046822134198 0.27910963185144844
881465825747.3113 0.0621517083470356 0.15163304556464555 0.2776082278997229
905622413447.7848 0.06106558698328305 0.1498822949137801 0.2760344998054687
930441012893.1146 0.060124423717433026 0.14859308887602266 0.2743566176133914
955939766527.7373 0.059157532672257165 0.14726729917685022 0.27263264590862785
982137313990.1359 0.05818418307167329 0.14551781510157158 0.2708283116725396
1009052805738.436 0.05718415880679396 0.14372038638197362 0.2689745296224331
1036705917049.4321 0.05618276121054742 0.14192032255914486 0.26720828659937373
1065116862401.2529 0.055167191245840796 0.14009469598357258 0.26546416456786814
1094306410250.1846 0.05415322273147417 0.13815149280711425 0.26361058516595753
1124295898212.452 0.0531727423350394 0.13601441581836776 0.26157784112505306
1155107248662.0627 0.05216539185471327 0.1338187721941447 0.2594893896950897
1186762984756.0867 0.051203146369076274 0.13213278885163057 0.25749438005336656
1219286246899.1553 0.05021530937942193 0.1304067048823608 0.2554463111051062
1252700809659.1287 0.049304677711167935 0.12880854733254787 0.25373769533959023
1287031099146.3354 0.048425595240653124 0.12726154483246216 0.25219661002225313
1322302210869.1375 0.047523667899568835 0.1256103888984666 0.2504617280794635
1358539928078.7747 0.046599786864043063 0.12377704762997029 0.24834324116927647
1395770740616.9773 0.045650586851187044 0.12189346360918148 0.24616669708506933
1434021864280.0908 0.04499651116891218 0.12047665665380633 0.2440694381619204
1473321260713.8774 0.044332577134430534 0.11903404361891941 0.24191819366855816
1513697657853.5383 0.043627094968757385 0.11743080840397195 0.2400846034541872
1555180570923.8662 0.0428888430527015 0.1157139696934375 0.2384174432708884
1597800324014.9685 0.04212258524133631 0.11395450359309531 0.23656403624718286
1641588072249.2185 0.04131694148134116 0.1121572792823667 0.23432739956164678
1686575824555.6904 0.04048921903879804 0.1103108020052596 0.2320294678052528
1732796467068.787 0.03968390356253594 0.10846994444586618 0.22967409041335243
1780283787168.0435 0.03885831920219712 0.10658088352395802 0.22725438468176584
1829072498176.7725 0.038077409035308145 0.10511269737990135 0.22457827668004635
1879198264737.5713 0.03731616973036772 0.10389272299011422 0.22171282087492936
1930697728883.2456 0.036573340828649714 0.10253478615161402 0.2189839715525478
1983608536822.2063 0.0359094000080891 0.1008754781444465 0.21672400733659083
2037969366457.9287 0.03522726387672754 0.09917069676981918 0.21440210875836097
2093819955662.5435 0.034589455219558855 0.09753814454878344 0.21181104996272837
2151201131325.3462 0.033937645222398054 0.09586741635211533 0.20913764112130148
2210154839197.3105 0.03338284653067472 0.09426219105816516 0.20670381410778071
2270724174553.485 0.03288714372059021 0.09268495596653224 0.20440563596877787
2332953413695.776 0.03235452961398961 0.09105091149444439 0.2020029376372674
2396888046318.9775 0.03174421090369987 0.08933533216146018 0.19942201368644238
2462574808763.832 0.031117166397559955 0.0875727373442634 0.1967703594657133
2530061718181.3887 0.030449581033341108 0.08598737874367353 0.194364270315981
2599398107633.633 0.029762044958777177 0.08437455963230225 0.1919147986314965
2670634662156.0513 0.02923061283451855 0.08280448806582107 0.1896449172061448
2743823455808.5024 0.028804452556535295 0.08125094618955211 0.18748182844492853
2819017989741.41 0.028364846229624967 0.07976600032583064 0.18529872149633403
2896273231305.276 0.027908063151773115 0.07856304989186096 0.18316974838606478
2975645654231.8877 0.02743876192499481 0.07732713257839478 0.18098243072726256
3057193279916.6885 0.026862611076622384 0.07586207906554839 0.17855177834862834
3140975719832.603 0.02626248976552346 0.07433987919781605 0.1760385509633057
3227054219106.0913 0.02579714336241294 0.07296791521365979 0.17353472121981942
3315491701287.467 0.025428676116933585 0.07169751324776502 0.17101901990329943
3406352814348.1367 0.02502928251244181 0.07041630200131953 0.16847837066931357
3499703977938.391 0.024553917607690105 0.0691749254166567 0.16600544559633054
3595613431940.313 0.024065525318692743 0.06789952888310763 0.163464749964742
3694151286351.207 0.023603739909518983 0.06673634744349413 0.16183162318409547
3795389572534.2295 0.02313344616899974 0.06555654955361905 0.16025507120508506
3899402295873.413 0.022680104235021356 0.06442260203454088 0.15833452078821966
4006265489871.6987 0.022237222787822218 0.06331753667556442 0.1561306608099583
4116057271731.668 0.021805668781557697 0.06226120561628789 0.15399772020606853
4228857899459.3066 0.021441300464889963 0.06144200536094788 0.1522485075618585
4344749830532.78 0.02106694662758177 0.06060035490704731 0.15045135771190282
4463817782179.007 0.020657130112277877 0.05952793784119215 0.14865495568258547
4586148793302.123 0.02023303649361021 0.05840102857973312 0.14681536602734002
4711832288109.082 0.01982949423004182 0.05731885691992209 0.1448111480646174
4840960141478.949 0.0194409820177895 0.05626834792522119 0.1426593897736524
4973626746123.536 0.019050118163810307 0.055219502355194336 0.14050287837071793
5109929081588.775 0.01867876814674597 0.054252869774794335 0.13848480753557335
5249966785146.899 0.018297241275409114 0.05325974661016447 0.1364114314308525
