SFE-vs-Mhalo_z4.3.ecsv
# %ECSV 1.0
# ---
# datatype:
# - {name: Mhalo, unit: solMass, datatype: float64}
# - {name: sfe_16, datatype: float64}
# - {name: sfe_50, datatype: float64}
# - {name: sfe_84, datatype: float64}
# meta: !!omap
# - {Description: 'MUV vs Mhalo relationship at z~4.3. This includes the log Mhalo range [8,14] which extends beyond the range probed
#     observationally. See Shuntov+25 for details'}
# schema: astropy-2.0
Mhalo sfe_16 sfe_50 sfe_84
100000000.0 0.0005987685859142603 0.0019004703665301606 0.004690509869205243
102740501.89977513 0.0006125752841003422 0.0019358429917871965 0.004759523190328333
105556107.30617698 0.0006267603551125099 0.001972185004511402 0.004830427822827899
108448874.43223187 0.0006418915462491468 0.002009034846384765 0.00489862835436747
111420917.89633192 0.0006577257430317059 0.0020466420491150306 0.004966293874938023
114474410.26802778 0.0006737071066516713 0.002084627736559114 0.005033174879554533
117611583.65617946 0.0006895204748945101 0.0021222764005859466 0.0050963125922829184
120834731.34063268 0.0007057672087944623 0.0021609568269656747 0.005161180595228099
124146209.4486114 0.0007223133406015266 0.0021983448228283745 0.005237930656547176
127548438.6770494 0.0007393108622626707 0.002236724254720443 0.005316926581508345
131043906.06212746 0.0007566378367181252 0.002275277600758856 0.005398857905274094
134635166.7972996 0.0007743646955779295 0.00231440492104472 0.005483458121550931
138324846.101145 0.0007925111045888252 0.0023544822343762595 0.005569391350464759
142115641.1364079 0.0008110056565003017 0.0023953825506179585 0.005655461012969011
146010322.98162937 0.0008300070519582699 0.0024374037408032814 0.0057438894162093355
150011738.65680873 0.0008493552265223908 0.002481302948983687 0.005825564315317991
154122813.20458427 0.0008692286614906267 0.0025264259982301857 0.005909214973828585
158346551.82844278 0.0008895274584593499 0.0025729090164560223 0.00598917291732671
162686042.08952966 0.000910312947335635 0.0026207378927820967 0.006067829614465961
167144456.16366288 0.0009313894523759536 0.0026698392510148923 0.006148060065513109
171725053.16019684 0.000952374244988691 0.002720194297282739 0.0062290914755181665
176431181.5044419 0.0009739341262416445 0.0027719293245501886 0.006312343552853827
181266281.38536683 0.0009954533369998478 0.0028245973813844894 0.006410001136910773
186233887.27038455 0.0010175347933320817 0.0028786877062346697 0.006510862762119035
191337630.4890545 0.0010404542179846602 0.002932062534170763 0.006604450688156831
196581241.88759255 0.001064145829587949 0.002985540006811624 0.006694391683089164
201968554.55612358 0.0010884138370758777 0.003039385894236042 0.006785200275349362
207503506.63068253 0.0011131597713135832 0.003091889981124571 0.006874395770524991
213190144.17199638 0.0011385838683491902 0.00314583294351174 0.006966035669940423
219032624.12316328 0.0011646349883057605 0.003201497629976788 0.007059992923384775
225035217.3483868 0.001191395934273763 0.003258702140650483 0.007156513652059868
231202311.75498244 0.0012189785096111804 0.003316807722600144 0.007255066418129091
237538415.50095174 0.0012473748511611735 0.003376068565049231 0.0073559179851364394
244048160.29045108 0.0012764768088760685 0.003436422719551788 0.0074580421417545055
250736304.75957713 0.0013061766536429924 0.0034969710679543455 0.0075588632377350615
257607737.95494035 0.0013366904232199888 0.003559178744995167 0.007662447337766356
264667482.90756324 0.001368800468277354 0.0036199379258680677 0.007765300533658857
271920700.304732 0.0014018472537564006 0.0036821267088708374 0.007870705825349874
279372692.26246506 0.00143470430859072 0.0037451347745467807 0.007982636642177621
287028906.20137084 0.0014677012453178859 0.0038092550840781773 0.008100160168330834
294894938.8287244 0.001501507122757684 0.0038752174515083457 0.008220520185168115
302976540.22966623 0.0015359579344337677 0.003943238027607445 0.00834304410100241
311279618.0705332 0.0015713528712583225 0.004013122708886778 0.008468925787077823
319810241.91736895 0.001609363984210055 0.004086505874739117 0.008589897437720538
328574647.6727899 0.0016485665331193713 0.0041620441282651 0.00871342388665151
337579242.13444215 0.0016884911990314763 0.00423905340628101 0.00883545751383041
346830607.6783844 0.0017292511906495819 0.004317732917539522 0.00895725117947456
356335507.07081217 0.001769987061057005 0.00439757565393921 0.009080967031603849
366100888.4116611 0.0018082128921233576 0.004476450910047187 0.009203574840341679
376133890.2136763 0.0018474863028162887 0.004557487744047256 0.009329542718407243
386441846.6206802 0.0018916376219543674 0.004643106959273258 0.009453775800856191
397032292.76884764 0.0019374084749303271 0.004731326993069572 0.009580854679415322
407912970.2948987 0.001984740139908021 0.00482003768882492 0.00970982480268962
419091832.9952595 0.00203360710407118 0.0049096818774970975 0.009841092592501205
430577052.64029706 0.002083683274075891 0.005000801458586628 0.009977129183845508
442377024.9479001 0.002134685893620118 0.005091052221154179 0.010120911858172927
454500375.720766 0.0021870862409218896 0.0051837763075844555 0.010268634899421834
466955967.1518806 0.002236375856605486 0.005279220490484772 0.01040168134375144
479752904.30279124 0.0022864478014157606 0.005377302701180578 0.010536032864060615
492900541.7594356 0.0023366416491037005 0.005477230758653019 0.010672423400269186
506408490.47035486 0.0023871836960024278 0.005579205410332802 0.01081120178992409
520286624.77231747 0.00243917346248111 0.0056835239464128684 0.010955942670051934
534545089.60848093 0.002492820593185996 0.005789027053344105 0.011112670930468567
549194307.944356 0.0025479379245270163 0.0058974214749250966 0.011273694331839378
564244988.387028 0.002608799973643904 0.006002797631012622 0.011429896772029439
579708133.0131603 0.0026719348266253566 0.00611020609328096 0.011589060851721728
595595045.4115369 0.0027363953510876615 0.0062221815655945775 0.011756316196413581
611917338.9460092 0.0028022710923526237 0.00633863564636302 0.011931393967282024
628686945.244878 0.002869655746341936 0.0064570402020614134 0.0121095716129481
645916122.922952 0.002937690160032291 0.006573678669157755 0.012285775143571563
663617466.5426095 0.0030075890581223318 0.006693513615660741 0.012466807535299237
681803915.8204492 0.0030749942987685097 0.00681754400028678 0.01263785612906669
700488765.0862528 0.003143535780403112 0.006945120398950715 0.012811182394289893
719685673.0011529 0.0032137829437301965 0.0070736711451436915 0.012988970606512797
739408672.5421588 0.0032857967503724683 0.007203430554354523 0.013171366760139542
759672181.2602788 0.0033596258141761963 0.007337602500517801 0.013357935331236198
780491011.8197799 0.0034347803076416493 0.007479227584747292 0.013545974366409754
801880382.8262751 0.00351199441142829 0.0076247339071006505 0.013739166614914563
823855929.9515566 0.0035905602070839503 0.007761141042531162 0.013938788468150312
846433717.3632891 0.0036711413270290134 0.007898927582976781 0.01414408557090121
869630249.4679673 0.0037534480953044396 0.008038577380006162 0.014349784688895377
893462482.9756562 0.003837542506096792 0.008180199761115755 0.014556055971105928
917947839.295382 0.003924466738412041 0.008326530815303438 0.014767204184341744
943104217.2702205 0.004016314450486642 0.008480876100743237 0.014980384429568422
968950006.2613703 0.004110679250855533 0.008639451221662703 0.015199406883465449
995504099.5908344 0.004214148467593569 0.0087976548727784 0.015416106584727616
1022785908.3524605 0.004321756034382666 0.008959251301031075 0.01563708107537329
1050815375.6014919 0.004423798649643965 0.009121252946667895 0.015867772242959294
1079612990.93298 0.004519917209807575 0.009283573285959917 0.016108535206388067
1109199805.459722 0.004619856637820395 0.009450807989293087 0.016351153759876443
1139597447.2006476 0.004728874851900912 0.009625115140967836 0.016575085137339792
1170828136.8909702 0.0048408807122094066 0.009804199183445678 0.016805153358456715
1202914704.225569 0.004957245518600473 0.009970824015099527 0.01703786300449898
1235880604.5475502 0.005077083152327284 0.01013819211081836 0.017276143575310782
1269749935.9941282 0.005200094852383744 0.010316909205415122 0.01753004248780551
1304547457.1124408 0.005326358566238963 0.010507841488369874 0.01780073389190215
1340298604.9580753 0.005455945398061567 0.010703749051396398 0.018076627563093646
1377029513.689611 0.005588268817925993 0.010903497334747148 0.018346916897005308
1414767033.672739 0.005724218563625651 0.011108719723597893 0.01862461351524771
1453538751.1079326 0.005858191192812282 0.011314553249422321 0.018897546608211198
1493373008.1960194 0.005994460411989294 0.011524819031621189 0.019174976151886795
1534298923.8563602 0.006131685774221449 0.01173153384645784 0.019459103554870138
1576346415.0128732 0.0062694953248845185 0.0119332656996896 0.019749982662824676
1619546218.4633381 0.006412484562556905 0.012140573892666194 0.020047324048888857
1663929913.348069 0.006568741940087076 0.012353882400446756 0.020342756488687663
1709529944.2342994 0.006729281554016977 0.012573036631935394 0.020646285260111665
1756379644.833265 0.006894650205513515 0.01280361223798864 0.020947067704227808
1804513262.3671844 0.007064663639276775 0.013041929860989152 0.021253185523701503
1853965982.604051 0.007234799597572224 0.01327998920546866 0.02156810750649675
1904773955.5784998 0.0074041168843704255 0.01351636962465059 0.021892161334836225
1956974322.0175586 0.007577262825019055 0.013759438411206344 0.02222333892909917
2010605240.4905612 0.007749023313963401 0.01401075767960047 0.02255031942068181
2065705915.3031833 0.00792549090237033 0.014268964357319436 0.02288626081884817
2122316625.1558342 0.008106228378114389 0.014524736665650823 0.02322628197945267
2180478752.5874734 0.008291757466478094 0.014784805711148397 0.023574159121976787
2240234814.226335 0.008480940046249094 0.015050477924842496 0.02392599076390156
2301628491.869632 0.008673479695937571 0.015321484518196461 0.024280339186900826
2364704664.415085 0.00887135627314936 0.015596983114520463 0.024643176955020316
2429509440.6674514 0.009075179669028878 0.01585455871387957 0.025005355907209315
2496090193.044159 0.009284588848944661 0.016119193177432475 0.025377460380463637
2564495592.2046347 0.009492266259215431 0.016381267074224107 0.025749086388702935
2634775642.628663 0.009703330495206637 0.01664749598549778 0.026127603430844873
2706981719.169714 0.009921407587613213 0.016941439694611166 0.026515386446293726
2781166604.610125 0.01014712030665735 0.01727101360582894 0.02691230131201089
2857384528.245377 0.010378649397444598 0.017609192020582053 0.027318397562209513
2935691205.525834 0.010612777605057319 0.017952302059299485 0.02771841850748489
3016143878.784801 0.010853322100647541 0.018304815035146235 0.028129402034364974
3098801359.08285 0.011101545284840452 0.01864911904527887 0.028534483326279125
3183724069.198773 0.011356932405054594 0.018996915544466194 0.028944956964559433
3270974087.7987633 0.011615711698309212 0.019337805172789466 0.02937044832577073
3360615194.8160405 0.011876430149314332 0.019664552581874346 0.029812984375028235
3452712918.0741057 0.012144150687698715 0.02000160453152904 0.030264450471570507
3547334581.1877227 0.012417474758072616 0.020364268174996033 0.030689503699901678
3644549352.776552 0.012698289279787615 0.020736870622501978 0.031126205520030256
3744428297.027636 0.012986687339755068 0.021129611967544856 0.031595149617210605
3847044425.643396 0.013282948837328033 0.021536666363812334 0.03208419490247732
3952472751.213362 0.013590349901069 0.02194674651775016 0.032572563183368125
4060790342.048459 0.01391074282709512 0.02235577162725367 0.03305302491472027
4172076378.518182 0.014238326520305131 0.02277435516970327 0.0335457761861685
4286412210.931542 0.01455108383262601 0.023179688223838757 0.03403889071403104
4403881419.004314 0.014872412265032726 0.02359612943802325 0.03454551905489773
4524569872.955971 0.015223077658336066 0.024006677176723206 0.035057278063869844
4648565796.281002 0.01559122713050155 0.024421838717371983 0.035579704674745624
4775959830.240379 0.015961269764777974 0.02486208245620494 0.036112212018253376
4906845100.120614 0.0163283266004053 0.025336340746962546 0.03665252767902726
5041317283.308442 0.016702882951811205 0.02582225519832035 0.03720591665957811
5179474679.231202 0.017038065385984454 0.026295482815794257 0.03774084390015682
5321418281.213926 0.017382433501133984 0.02678167924511537 0.03829043083192608
5467251850.305575 0.017735759937684507 0.027270003988480333 0.03885154234924206
5617081991.128691 0.018098572640976987 0.027767115754123724 0.039426579383869474
5771018229.807499 0.018479369972846695 0.028257302670059634 0.03999893873877115
5929173094.031742 0.01888425498055381 0.02872603986534382 0.040555685075872074
6091662195.314638 0.01929990019078053 0.029208270888813236 0.041127594241170344
6258604313.505145 0.019717811092345303 0.029721334735640845 0.041712599122138934
6430121483.616161 0.02014717485010676 0.030248459106937742 0.042313636072984155
6606339085.032511 0.02059420483497879 0.030799693137107512 0.04296692570883699
6787385933.163414 0.021056072419913453 0.03137027100040365 0.043653807638298646
6973394373.606855 0.02153896755466821 0.031949613508306454 0.04432075437704573
7164500378.894363 0.022050170637213533 0.03253245657216661 0.0449361747775904
7360843647.88736 0.022574927334081334 0.033130431754232054 0.04556793074804287
7562567707.89719 0.02309373108976221 0.03370729881177044 0.04619336024360232
7769820019.603892 0.023626752672223625 0.034299974921979844 0.04683592964636933
7982752084.850245 0.024166891806343255 0.03488277608930575 0.047503819590364406
8201519557.389906 0.02471833124469292 0.03546933673832156 0.04819361862745469
8426282356.670639 0.0252712394085465 0.03608582369883895 0.04888986359717994
8657204784.735615 0.02581320701503691 0.03674569654533246 0.0495813633365299
8894455646.328718 0.02637007125064664 0.03742317354523226 0.05029080547235874
9138208372.291012 0.02694740045201124 0.03806247898895317 0.050900439837083485
9388641146.339096 0.02754055137110729 0.03871930461050473 0.05152678124315529
9645937035.317589 0.02818205477171821 0.03936479289975003 0.05218418647457419
9910284123.02158 0.028857120037311185 0.040013363343260076 0.05286652830227734
10181875647.686098 0.029512410661004976 0.04069494059559603 0.05360426483963794
10460910143.243677 0.030107838615829705 0.04142616788186589 0.05443682811369514
10747591584.45304 0.0307195842850682 0.042177434465807656 0.055292207800094716
11042129536.005047 0.03135551884656421 0.04284721192160029 0.05616143212268918
11344739305.714943 0.032008920758986134 0.043534800810805095 0.05705442642488512
11655642101.912596 0.03266946120343201 0.04424513414127363 0.05789344914134418
11975065195.1465 0.03334240221577023 0.04497699974993353 0.058713929711021684
12303242084.318851 0.034035142249598915 0.04572066749061772 0.05952928943053012
12640412667.373543 0.03474980396378227 0.04646684965200071 0.060307245304131535
12986823416.66233 0.03548405099581979 0.04723348094969217 0.061106521073228406
13342727559.116402 0.03630821910868195 0.0480071603728967 0.06208781984307505
13708385261.355808 0.037156340426712064 0.048801769091302835 0.0630991467040075
14084063819.871758 0.03793500797477689 0.04966743388721741 0.06409086703061526
14470037856.420883 0.03868288006634399 0.05058453843958531 0.0650831504158869
14866589518.77434 0.039439055040477664 0.051499122648182884 0.06603492410371577
15274008686.96812 0.04018782185299512 0.05237496759385039 0.06685657368024922
15692593185.2063 0.0409571086342345 0.053274815086892996 0.06770074057903706
16122648999.570862 0.041848956292692904 0.054237986043346856 0.06862296534525249
16564490501.698244 0.04276871994313872 0.05522887664421827 0.0695723444208455
17018440678.585356 0.04361282096949206 0.05618350233882333 0.07058280265802921
17484831368.69409 0.044419856762945215 0.057126440747466735 0.07164187694906043
17964003504.52563 0.045263766000958786 0.05808276160250311 0.07275361752460537
18456307361.842827 0.04616715702920373 0.059034596911129195 0.07395407070290472
18962102815.722466 0.04709530550574012 0.060012517284470906 0.07518742232336126
19481759603.624653 0.04795452548366933 0.06102463222429241 0.07623747543246472
20015657595.67169 0.0488326379318194 0.06206484892952624 0.07730559700977992
