UVLF_prediction_z10.ecsv
# %ECSV 1.0
# ---
# datatype:
# - {name: MUV, unit: mag(AB), datatype: float64}
# - {name: Phi_fiducial, datatype: float64}
# - {name: Phi_sfe, datatype: float64}
# - {name: Phi_sigma, datatype: float64}
# meta: !!omap
# - {Description: 'UVLF predictions at z=10. This includes the 1) Fiducial model 2) increasing SFE=0.35, 3) Increasing sigma_UV=1.1'}
# - Fiducial model parameters: {alpha_sat: 0.8867630869374541, beta: 0.700077045725375, eps0: 0.23318140044525226, gamma: 0.5303124865141149,
#     logMc: 11.969330956585615, logMcut: 11.784692481369536, logMsat: 12.868572017298623, sigma_UV: 0.5343856713984909}
# schema: astropy-2.0
MUV Phi_fiducial Phi_sfe Phi_sigma
-15.0 0.008881525563357574 0.012920297987397232 0.012920297987397232
-15.070866141732283 0.008352009331436558 0.012173957721489938 0.012173957721489938
-15.141732283464567 0.007851402585652381 0.01146713660700129 0.01146713660700129
-15.21259842519685 0.00737826531350662 0.010797921080328426 0.010797921080328426
-15.283464566929133 0.006931222694469066 0.010164482294587314 0.010164482294587314
-15.354330708661417 0.006508962392917594 0.009565072650535168 0.009565072650535168
-15.4251968503937 0.006110231960792985 0.00899802245903332 0.00899802245903332
-15.496062992125985 0.005733836345985749 0.008461736731402958 0.008461736731402958
-15.566929133858268 0.005378635502213045 0.007954692094255738 0.007954692094255738
-15.637795275590552 0.005043542095934481 0.0074754338254834525 0.0074754338254834525
-15.708661417322835 0.004727519305726061 0.007022573008070294 0.007022573008070294
-15.779527559055119 0.004429578709505405 0.006594783798254809 0.006594783798254809
-15.850393700787402 0.004148778255087691 0.0061908008043512095 0.0061908008043512095
-15.921259842519685 0.003884220309743906 0.005809416572275323 0.005809416572275323
-15.992125984251969 0.003635049784717377 0.0054494791735568504 0.0054494791735568504
-16.062992125984252 0.0034004523309976377 0.005109889891393388 0.005109889891393388
-16.133858267716537 0.003179652603034736 0.004789601000160272 0.004789601000160272
-16.20472440944882 0.002971912587452682 0.00448761363373576 0.00448761363373576
-16.275590551181104 0.002776529994189588 0.0042029757380845955 0.0042029757380845955
-16.346456692913385 0.002592836707799498 0.003934780103706184 0.003934780103706184
-16.41732283464567 0.002420197296915077 0.0036821624738321668 0.0036821624738321668
-16.488188976377952 0.0022580075800687693 0.003444299724592343 0.003444299724592343
-16.559055118110237 0.0021056932462064893 0.003220408113739691 0.003220408113739691
-16.62992125984252 0.0019627085283143203 0.0030097415948981978 0.0030097415948981978
-16.700787401574804 0.0018285349286154171 0.0028115901946430973 0.0028115901946430973
-16.771653543307085 0.0017026799937975244 0.002625278450013626 0.002625278450013626
-16.84251968503937 0.0015846761387045625 0.002450163904278623 0.002450163904278623
-16.913385826771652 0.0014740795168795523 0.0022856356589109213 0.0022856356589109213
-16.984251968503937 0.0013704689362814388 0.0021311129797755785 0.0021311129797755785
-17.055118110236222 0.001273444818423034 0.001986043955500968 0.001986043955500968
-17.125984251968504 0.0011826281990901318 0.0018499042058896075 0.0018499042058896075
-17.19685039370079 0.0010976597687115933 0.0017221956380557779 0.0017221956380557779
-17.26771653543307 0.0010181989503636058 0.0016024452477747153 0.0016024452477747153
-17.338582677165356 0.000943923013323721 0.0014902039633327125 0.0014902039633327125
-17.409448818897637 0.0008745262200673236 0.0013850455290331746 0.0013850455290331746
-17.480314960629922 0.0008097190046505138 0.0012865654255077622 0.0012865654255077622
-17.551181102362204 0.0007492271805933085 0.001194379824190233 0.001194379824190233
-17.62204724409449 0.0006927911767080303 0.0011081245738200512 0.0011081245738200512
-17.69291338582677 0.0006401652998542053 0.0010274542177428337 0.0010274542177428337
-17.763779527559056 0.0005911170243693201 0.0009520410421197283 0.0009520410421197283
-17.834645669291337 0.0005454263089267366 0.000881574156962359 0.000881574156962359
-17.905511811023622 0.000502884942764128 0.0008157586141017715 0.0008157586141017715
-17.976377952755904 0.00046329592451196217 0.0007543145686116407 0.0007543145686116407
-18.04724409448819 0.00042647287807220816 0.0006969764925503773 0.0006969764925503773
-18.118110236220474 0.00039223951093683354 0.0006434924517689515 0.0006434924517689515
-18.188976377952756 0.00036042912073827653 0.0005936234574753898 0.0005936234574753898
-18.25984251968504 0.0003308841554300482 0.0005471429037609297 0.0005471429037609297
-18.330708661417322 0.00030345583108795497 0.000503836099951034 0.000503836099951034
-18.401574803149607 0.0002780038087838142 0.0004634999021961217 0.0004634999021961217
-18.47244094488189 0.00025439592835051894 0.0004259424421851334 0.0004259424421851334
-18.543307086614174 0.00023250799236033533 0.0003909829426270728 0.0003909829426270728
-18.614173228346456 0.00021222358871326278 0.00035845159996230366 0.00035845159996230366
-18.68503937007874 0.00019343393549535 0.0003281895057389671 0.0003281895057389671
-18.755905511811022 0.000176037727945771 0.0003000485705528351 0.0003000485705528351
-18.826771653543307 0.00015994096520093092 0.0002738914097697291 0.0002738914097697291
-18.89763779527559 0.00014505673457743294 0.000249591149607985 0.000249591149607985
-18.968503937007874 0.000131304933877641 0.00022703111630094063 0.00022703111630094063
-19.039370078740156 0.00011861191756535638 0.00020610438011034408 0.00020610438011034408
-19.11023622047244 0.00010691006027648808 0.00018671313931355331 0.00018671313931355331
-19.181102362204726 9.613724022955292e-05 0.00016876794562212987 0.00016876794562212987
-19.251968503937007 8.623625461769004e-05 0.00015218678992354694 0.00015218678992354694
-19.322834645669293 7.715418779156297e-05 0.00013689408359101568 0.00013689408359101568
-19.393700787401574 6.8841759818686e-05 0.00012281958373319582 0.00012281958373319582
-19.46456692913386 6.125268690216007e-05 0.00010989731889356824 0.00010989731889356824
-19.53543307086614 5.4343085620465455e-05 9.806457376583964e-05 9.806457376583964e-05
-19.606299212598426 4.807094994649835e-05 8.726098722205206e-05 8.726098722205206e-05
-19.677165354330707 4.239572393815298e-05 7.742780798623005e-05 7.742780798623005e-05
-19.748031496062993 3.727798469157057e-05 6.850733801862638e-05 6.850733801862638e-05
-19.818897637795274 3.2679240704429855e-05 6.0442577010006305e-05 6.0442577010006305e-05
-19.88976377952756 2.856184139019914e-05 5.317706442807925e-05 5.317706442807925e-05
-19.960629921259844 2.4888985201103332e-05 4.665490029004997e-05 4.665490029004997e-05
-20.031496062992126 2.1624807498705334e-05 4.0820913832143846e-05 4.0820913832143846e-05
-20.102362204724407 1.873452545643464e-05 3.5620941496107884e-05 3.5620941496107884e-05
-20.173228346456693 1.6184616015125523e-05 3.100217248027249e-05 3.100217248027249e-05
-20.244094488188978 1.3943004026447475e-05 2.691352121837433e-05 2.691352121837433e-05
-20.31496062992126 1.1979240734000442e-05 2.3305990776976685e-05 2.3305990776976685e-05
-20.385826771653544 1.0264657028299888e-05 2.0132998227220366e-05 2.0132998227220366e-05
-20.456692913385826 8.772480798492187e-06 1.7350641374022318e-05 1.7350641374022318e-05
-20.52755905511811 7.4779125761266195e-06 1.491789471805792e-05 1.491789471805792e-05
-20.598425196850393 6.3581580368509575e-06 1.2796730292427184e-05 1.2796730292427184e-05
-20.669291338582678 5.3924194700357845e-06 1.0952165445280168e-05 1.0952165445280168e-05
-20.74015748031496 4.561850887956108e-06 9.352244414078337e-06 9.352244414078337e-06
-20.811023622047244 3.849483016422048e-06 7.967963602117282e-06 7.967963602117282e-06
-20.881889763779526 3.2401250903954728e-06 6.773151971435609e-06 6.773151971435609e-06
-20.95275590551181 2.7202503427717627e-06 5.744318186547238e-06 5.744318186547238e-06
-21.023622047244096 2.277871522636541e-06 4.8604754179852784e-06 4.8604754179852784e-06
-21.094488188976378 1.9024119077172432e-06 4.102953382130368e-06 4.102953382130368e-06
-21.16535433070866 1.5845762550841603e-06 3.455205553132649e-06 3.455205553132649e-06
-21.236220472440944 1.316225097155552e-06 2.902617770281251e-06 2.902617770281251e-06
-21.30708661417323 1.0902548283718839e-06 2.4323228466788622e-06 2.4323228466788622e-06
-21.37795275590551 9.004851953752237e-07 2.0330243639995825e-06 2.0330243639995825e-06
-21.448818897637796 7.41555123214027e-07 1.6948316607628225e-06 1.6948316607628225e-06
-21.519685039370078 6.088272826513869e-07 1.4091070953786368e-06 1.4091070953786368e-06
-21.590551181102363 4.983014154256904e-07 1.168325971500265e-06 1.168325971500265e-06
-21.661417322834644 4.0653616419340525e-07 9.659490191590863e-07 9.659490191590863e-07
-21.73228346456693 3.305789783977631e-07 7.963069926972657e-07 7.963069926972657e-07
-21.803149606299215 2.67903563940264e-07 6.544967384882982e-07 6.544967384882982e-07
-21.874015748031496 2.1635429366614725e-07 5.362879690024849e-07 5.362879690024849e-07
-21.944881889763778 1.7409698127506038e-07 4.3803992785655823e-07 4.3803992785655823e-07
-22.015748031496063 1.3957543100767412e-07 3.56627122102919e-07 3.56627122102919e-07
-22.086614173228348 1.114732002133084e-07 2.8937331755051415e-07 2.8937331755051415e-07
-22.15748031496063 8.868004527080606e-08 2.3399302930190972e-07 2.3399302930190972e-07
-22.22834645669291 7.02625589568794e-08 1.8853978536575974e-07 1.8853978536575974e-07
-22.299212598425196 5.543854640458696e-08 1.5136049116850138e-07 1.5136049116850138e-07
-22.37007874015748 4.3554725502042917e-08 1.210552738887763e-07 1.210552738887763e-07
-22.440944881889763 3.4067374914871396e-08 9.644223584306232e-08 9.644223584306232e-08
-22.511811023622048 2.652558829385922e-08 7.652659455688089e-08 7.652659455688089e-08
-22.58267716535433 2.0556826380815757e-08 6.047373306917897e-08 6.047373306917897e-08
-22.653543307086615 1.5854489544998863e-08 4.758572715617874e-08 4.758572715617874e-08
-22.724409448818896 1.2167261773255573e-08 3.728095644687474e-08 3.728095644687474e-08
-22.79527559055118 9.29000335622423e-09 2.907644385212512e-08 2.907644385212512e-08
-22.866141732283467 7.055993546225547e-09 2.2572602423903457e-08 2.2572602423903457e-08
-22.937007874015748 5.330346412574071e-09 1.7440100814860004e-08 1.7440100814860004e-08
-23.00787401574803 4.00444309580955e-09 1.3408588040538412e-08 1.3408588040538412e-08
-23.078740157480315 2.9912417781419114e-09 1.0257045384685059e-08 1.0257045384685059e-08
-23.1496062992126 2.221343058382668e-09 7.80555815818625e-09 7.80555815818625e-09
-23.22047244094488 1.639703167417421e-09 5.908322743136622e-09 5.908322743136622e-09
-23.291338582677163 1.2029007029426012e-09 4.447725048161865e-09 4.447725048161865e-09
-23.362204724409448 8.768744221981618e-10 3.329345288197979e-09 3.329345288197979e-09
-23.433070866141733 6.35060224717598e-10 2.4777609970041543e-09 2.4777609970041543e-09
-23.503937007874015 4.568648995114974e-10 1.8330355085250358e-09 1.8330355085250358e-09
-23.5748031496063 3.264226088993964e-10 1.3477929213183364e-09 1.3477929213183364e-09
-23.645669291338585 2.3158753474832193e-10 9.847929108970207e-10 9.847929108970207e-10
-23.716535433070867 1.631227129779686e-10 7.149297968290762e-10 7.149297968290762e-10
-23.787401574803148 1.1405091126829382e-10 5.155901210496989e-10 5.155901210496989e-10
-23.858267716535433 7.913853658697426e-11 3.6931176065335023e-10 3.6931176065335023e-10
-23.92913385826772 5.448805916476997e-11 2.62695385184571e-10 2.62695385184571e-10
-24.0 3.721836845794764e-11 1.8552597029227532e-10 1.8552597029227532e-10
