UVLF_best-fit-model_z7.3.ecsv
# %ECSV 1.0
# ---
# datatype:
# - {name: MUV, unit: mag(AB), datatype: float64}
# - {name: Phi_16, unit: 1 / (mag Mpc3), datatype: float64}
# - {name: Phi_50, unit: 1 / (mag Mpc3), datatype: float64}
# - {name: Phi_84, unit: 1 / (mag Mpc3), datatype: float64}
# meta: !!omap
# - {Description: Best fit UVLF at z~7.3}
# schema: astropy-2.0
MUV Phi_16 Phi_50 Phi_84
[from data line 190]
-21.588235294117645 9.229072592681643e-06 1.1070830402371934e-05 1.3125790169611099e-05
-21.61764705882353 8.542410082218327e-06 1.0292753650252668e-05 1.2262125023469903e-05
-21.647058823529413 7.915795143517516e-06 9.584626158670661e-06 1.1469016001842166e-05
-21.676470588235293 7.311416808980227e-06 8.898795128971681e-06 1.0698533135220483e-05
-21.705882352941178 6.775900216368386e-06 8.282011207039169e-06 9.998118361520398e-06
-21.735294117647058 6.247582910404167e-06 7.673253445818742e-06 9.305251368409096e-06
-21.764705882352942 5.78239781042619e-06 7.134878940072855e-06 8.678572605075526e-06
-21.794117647058822 5.317212710448268e-06 6.596504434327033e-06 8.051893841742033e-06
-21.823529411764707 4.922092446655462e-06 6.126875023499315e-06 7.510146496080147e-06
-21.852941176470587 4.529843692542427e-06 5.660063034594532e-06 6.971879946224548e-06
-21.88235294117647 4.18241592545279e-06 5.24383213920132e-06 6.489093506851909e-06
-21.911764705882355 3.844900492031802e-06 4.838787447180875e-06 6.018576707297635e-06
-21.941176470588236 3.5418707413189807e-06 4.474749771320475e-06 5.586790813730529e-06
-21.970588235294116 3.255281839339101e-06 4.1302619520014655e-06 5.173469654413086e-06
-22.0 2.9892947188771374e-06 3.813782942612641e-06 4.791783457390596e-06
-22.029411764705884 2.741182673555751e-06 3.5216056947809284e-06 4.437545242359361e-06
-22.058823529411764 2.5086251781968713e-06 3.2443717821962174e-06 4.106799086697434e-06
-22.088235294117645 2.3000216897802052e-06 2.9901506058918334e-06 3.8122307024641722e-06
-22.11764705882353 2.0990895904464737e-06 2.745439967788239e-06 3.5246949898763096e-06
-22.147058823529413 1.9209319274527823e-06 2.5289637399683337e-06 3.2580375212358343e-06
-22.176470588235293 1.7463969820695113e-06 2.3161705161225637e-06 2.9970139652906212e-06
-22.205882352941178 1.6011025431130177e-06 2.133104395782079e-06 2.7814641332425976e-06
-22.235294117647058 1.4558081041565417e-06 1.950038275441616e-06 2.5659143011946e-06
-22.264705882352942 1.3263427238530263e-06 1.7964394323138314e-06 2.372863096767539e-06
-22.294117647058822 1.1973921096845829e-06 1.6437988746238768e-06 2.1805435550273624e-06
-22.323529411764707 1.0892772750388347e-06 1.508207981541782e-06 2.0153736946521975e-06
-22.352941176470587 9.855280322930958e-07 1.3761893991394494e-06 1.855892338944012e-06
-22.38235294117647 8.904589560241269e-07 1.2586261275959653e-06 1.71225302537017e-06
-22.411764705882355 7.993807608939084e-07 1.1477089759875914e-06 1.5758974093293686e-06
-22.441176470588236 7.198996556647068e-07 1.0459156695244648e-06 1.4487355878615018e-06
-22.470588235294116 6.501668289030148e-07 9.517916821689236e-07 1.3293018835708679e-06
-22.5 5.847952448573172e-07 8.632586739912603e-07 1.2173228511757057e-06
-22.529411764705884 5.259227676040941e-07 7.830573210590787e-07 1.1164527416051892e-06
-22.558823529411764 4.693690131177381e-07 7.075506024721727e-07 1.0201219366706243e-06
-22.588235294117645 4.19420105300618e-07 6.454164786869305e-07 9.367212722141873e-07
-22.61764705882353 3.70799838006711e-07 5.843162275002661e-07 8.547690833341014e-07
-22.647058823529413 3.321000866195043e-07 5.309355583830375e-07 7.836321787575104e-07
-22.676470588235293 2.934003352323023e-07 4.775548892658153e-07 7.124952741809281e-07
-22.705882352941178 2.6298453274146916e-07 4.332641517879742e-07 6.545808224123231e-07
-22.735294117647058 2.3276914836910013e-07 3.891933320110911e-07 5.969862686955307e-07
-22.764705882352942 2.0655819183330942e-07 3.516167574683701e-07 5.466734579699778e-07
-22.794117647058822 1.8114056534061808e-07 3.1532677867959213e-07 4.978032567049604e-07
-22.823529411764707 1.6005959081698087e-07 2.832967468257947e-07 4.547749908070948e-07
-22.852941176470587 1.4090054159781532e-07 2.5315464600000644e-07 4.1433576444695285e-07
-22.88235294117647 1.2408467750563876e-07 2.2667867238955253e-07 3.766778574516119e-07
-22.911764705882355 1.091768355882986e-07 2.0318797379730352e-07 3.4128473908189933e-07
-22.941176470588236 9.552850210673768e-08 1.8157192149673864e-07 3.0908705066567273e-07
-22.970588235294116 8.369676733062519e-08 1.626596859630221e-07 2.814981554515838e-07
-23.0 7.249578982562946e-08 1.4482444323565512e-07 2.548807453707795e-07
-23.029411764705884 6.302011897398713e-08 1.2993509259625184e-07 2.309206328604401e-07
-23.058823529411764 5.3838691416232084e-08 1.1541542678720189e-07 2.0755440755966408e-07
-23.088235294117645 4.6698576709813223e-08 1.0346044948871726e-07 1.8830827477521579e-07
-23.11764705882353 3.95584620033935e-08 9.150547219023119e-08 1.6906214199076516e-07
-23.147058823529413 3.445402772695602e-08 8.208120354914522e-08 1.5386683016657327e-07
-23.176470588235293 2.9382164337399005e-08 7.269742624657897e-08 1.3873633147774761e-07
-23.205882352941178 2.5521788983190463e-08 6.468515078191324e-08 1.2520229225399796e-07
-23.235294117647058 2.188785999072996e-08 5.692923080096849e-08 1.1196665666858233e-07
-23.264705882352942 1.8826691491227538e-08 5.040520396410979e-08 1.0072016114016485e-07
-23.294117647058822 1.6010072415685335e-08 4.440715397528909e-08 9.03229613664229e-08
-23.323529411764707 1.3582966977211203e-08 3.915973956120179e-08 8.121017579177859e-08
-23.352941176470587 1.1463083562340645e-08 3.450437574127168e-08 7.311044930374866e-08
-23.38235294117647 9.571271711393965e-09 3.017942842307153e-08 6.572878974061686e-08
-23.411764705882355 7.9978994025301e-09 2.63158173525707e-08 5.934971418583495e-08
-23.441176470588236 6.571085440075379e-09 2.2745645569036886e-08 5.33349679251949e-08
-23.470588235294116 5.529510559609931e-09 1.994679991124377e-08 4.827788723772575e-08
-23.5 4.5277821759842115e-09 1.7234969000457764e-08 4.332334150873121e-08
