UVLF_prediction_z11.ecsv
# %ECSV 1.0
# ---
# datatype:
# - {name: MUV, unit: mag(AB), datatype: float64}
# - {name: Phi_fiducial, datatype: float64}
# - {name: Phi_sfe, datatype: float64}
# - {name: Phi_sigma, datatype: float64}
# meta: !!omap
# - {Description: 'UVLF predictions at z=11. This includes the 1) Fiducial model 2) increasing SFE=0.65, 3) Increasing sigma_UV=1.4'}
# - Fiducial model parameters: {alpha_sat: 0.8867630869374541, beta: 0.700077045725375, eps0: 0.23318140044525226, gamma: 0.5303124865141149,
#     logMc: 11.969330956585615, logMcut: 11.784692481369536, logMsat: 12.868572017298623, sigma_UV: 0.5343856713984909}
# schema: astropy-2.0
MUV Phi_fiducial Phi_sfe Phi_sigma
-15.0 0.005314526069401932 0.01455513688667471 0.01455513688667471
-15.070866141732283 0.004968744365027316 0.013683391075538336 0.013683391075538336
-15.141732283464567 0.004643609403362704 0.012859623697310392 0.012859623697310392
-15.21259842519685 0.0043379961401370576 0.012081415155882756 0.012081415155882756
-15.283464566929133 0.004050835132439944 0.011346457420616362 0.011346457420616362
-15.354330708661417 0.0037811100447297753 0.010652549314809126 0.010652549314809126
-15.4251968503937 0.003527855257677894 0.009997591989061522 0.009997591989061522
-15.496062992125985 0.0032901535764353557 0.009379584572457078 0.009379584572457078
-15.566929133858268 0.003067134034913644 0.008796619994698275 0.008796619994698275
-15.637795275590552 0.0028579697926336793 0.008246880972555704 0.008246880972555704
-15.708661417322835 0.002661876120643648 0.0077286361542164995 0.0077286361542164995
-15.779527559055119 0.0024781084729483534 0.0072402364153557825 0.0072402364153557825
-15.850393700787402 0.002305960639856884 0.006780111301013471 0.006780111301013471
-15.921259842519685 0.002144762979653533 0.006346765607636441 0.006346765607636441
-15.992125984251969 0.00199388072504062 0.005938776099946247 0.005938776099946247
-16.062992125984252 0.0018527123608974665 0.005554788357604915 0.005554788357604915
-16.133858267716537 0.001720688070043676 0.005193513746975348 0.005193513746975348
-16.20472440944882 0.0015972682438758548 0.0048537265135750055 0.0048537265135750055
-16.275590551181104 0.0014819420549634366 0.004534260991124754 0.004534260991124754
-16.346456692913385 0.0013742260889107684 0.00423400892333074 0.00423400892333074
-16.41732283464567 0.0012736630330199004 0.003951916894741027 0.003951916894741027
-16.488188976377952 0.0011798204194997887 0.0036869838671507583 0.0036869838671507583
-16.559055118110237 0.0010922894211555132 0.003438258818097208 0.003438258818097208
-16.62992125984252 0.0010106836976494066 0.003204838477990211 0.003204838477990211
-16.700787401574804 0.0009346382905521985 0.0029858651623724877 0.0029858651623724877
-16.771653543307085 0.0008638085654954591 0.0027805246957129616 0.0027805246957129616
-16.84251968503937 0.0007978691998015834 0.0025880444230197454 0.0025880444230197454
-16.913385826771652 0.0007365132140063844 0.002407691305434414 0.002407691305434414
-16.984251968503937 0.0006794510457090704 0.0022387700958501604 0.0022387700958501604
-17.055118110236222 0.0006264096641885183 0.0020806215904928945 0.0020806215904928945
-17.125984251968504 0.0005771317242194468 0.001932620952325179 0.001932620952325179
-17.19685039370079 0.000531374757512064 0.0017941761020816849 0.0017941761020816849
-17.26771653543307 0.0004889104001902932 0.0016647261727341005 0.0016647261727341005
-17.338582677165356 0.0004495236547232645 0.0015437400232235423 0.0015437400232235423
-17.409448818897637 0.0004130121847417634 0.0014307148074237024 0.0014307148074237024
-17.480314960629922 0.0003791856412166702 0.001325174594545301 0.001325174594545301
-17.551181102362204 0.0003478650185626481 0.0012266690376252977 0.0012266690376252977
-17.62204724409449 0.00031888203937065413 0.001134772087429396 0.001134772087429396
-17.69291338582677 0.00029207856667935397 0.001049080750102128 0.001049080750102128
-17.763779527559056 0.0002673060429732016 0.000969213888274532 0.000969213888274532
-17.834645669291337 0.0002444249554412656 0.0008948110670903163 0.0008948110670903163
-17.905511811023622 0.00022330432742768497 0.0008255314486730047 0.0008255314486730047
-17.976377952755904 0.00020382123641659667 0.0007610527407748305 0.0007610527407748305
-18.04724409448819 0.00018586035926768297 0.0007010702074597301 0.0007010702074597301
-18.118110236220474 0.00016931354568153534 0.0006452957513192409 0.0006452957513192409
-18.188976377952756 0.00015407942094674878 0.0005934570774680257 0.0005934570774680257
-18.25984251968504 0.00014006301882375666 0.0005452969489728524 0.0005452969489728524
-18.330708661417322 0.00012717544489394762 0.0005005725410557601 0.0005005725410557601
-18.401574803149607 0.00011533356982172034 0.0004590548971670305 0.0004590548971670305
-18.47244094488189 0.00010445975077047297 0.00042052848389029246 0.00042052848389029246
-18.543307086614174 9.448157777259189e-05 0.00038479083399216703 0.00038479083399216703
-18.614173228346456 8.533164033519965e-05 0.00035165225848700777 0.00035165225848700777
-18.68503937007874 7.694730817684135e-05 0.00032093560038748984 0.00032093560038748984
-18.755905511811022 6.927051897310503e-05 0.00029247599608942226 0.00029247599608942226
-18.826771653543307 6.224756556964853e-05 0.00026612060635077125 0.00026612060635077125
-18.89763779527559 5.58288754772839e-05 0.00024172827863556205 0.00024172827863556205
-18.968503937007874 4.996877668128758e-05 0.00021916910685438587 0.00021916910685438587
-19.039370078740156 4.4625245841359206e-05 0.00019832386330901825 0.00019832386330901825
-19.11023622047244 3.9759637661820167e-05 0.00017908329032274528 0.00017908329032274528
-19.181102362204726 3.5336397286049966e-05 0.00016134725433997332 0.00016134725433997332
-19.251968503937007 3.13227606424524e-05 0.00014502378142755494 0.00014502378142755494
-19.322834645669293 2.76884503390443e-05 0.00013002800807001595 0.00013002800807001595
-19.393700787401574 2.4405376601509358e-05 0.00011628109294191333 0.00011628109294191333
-19.46456692913386 2.1447353602018837e-05 0.0001037091423630016 0.0001037091423630016
-19.53543307086614 1.878984120222765e-05 9.224220343773052e-05 9.224220343773052e-05
-19.606299212598426 1.6409720667241423e-05 8.18133742908084e-05 8.18133742908084e-05
-19.677165354330707 1.4285110491519957e-05 7.235807099353622e-05 7.235807099353622e-05
-19.748031496062993 1.2395225432183694e-05 6.381347708530583e-05 6.381347708530583e-05
-19.818897637795274 1.0720278563468378e-05 5.611818584811598e-05 5.611818584811598e-05
-19.88976377952756 9.241423051476846e-06 4.921202966922563e-05 4.921202966922563e-05
-19.960629921259844 7.94072775415553e-06 4.3036076767054376e-05 4.3036076767054376e-05
-20.031496062992126 6.80117893225163e-06 3.7532764698142135e-05 3.7532764698142135e-05
-20.102362204724407 5.806699442045777e-06 3.2646133283091065e-05 3.2646133283091065e-05
-20.173228346456693 4.942176768772314e-06 2.832211713753958e-05 2.832211713753958e-05
-20.244094488188978 4.193492036244251e-06 2.4508859544557356e-05 2.4508859544557356e-05
-20.31496062992126 3.5475434973562054e-06 2.1157014186338225e-05 2.1157014186338225e-05
-20.385826771653544 2.992259734130474e-06 1.8220008226335115e-05 1.8220008226335115e-05
-20.456692913385826 2.5165996349829838e-06 1.5654248280735146e-05 1.5654248280735146e-05
-20.52755905511811 2.1105379614897044e-06 1.3419258908709242e-05 1.3419258908709242e-05
-20.598425196850393 1.765036810112526e-06 1.147775055908251e-05 1.147775055908251e-05
-20.669291338582678 1.472004420934761e-06 9.795619881222099e-06 9.795619881222099e-06
-20.74015748031496 1.2242435508205383e-06 8.341889664614218e-06 8.341889664614218e-06
-20.811023622047244 1.0153920285823378e-06 7.088598386921196e-06 7.088598386921196e-06
-20.881889763779526 8.398581968611106e-07 6.010650584671647e-06 6.010650584671647e-06
-20.95275590551181 6.927537919751047e-07 5.085639292742707e-06 5.085639292742707e-06
-21.023622047244096 5.698264973738602e-07 4.293650958054278e-06 4.293650958054278e-06
-21.094488188976378 4.673940017909805e-07 3.617061845399815e-06 3.617061845399815e-06
-21.16535433070866 3.8228096064792006e-07 3.0403333033974805e-06 3.0403333033974805e-06
-21.236220472440944 3.1175984399776627e-07 2.5498115686331425e-06 2.5498115686331425e-06
-21.30708661417323 2.5349628567776216e-07 2.133536210650477e-06 2.133536210650477e-06
-21.37795275590551 2.0549924173933105e-07 1.781059951464912e-06 1.781059951464912e-06
-21.448818897637796 1.66076026025338e-07 1.4832814711165965e-06 1.4832814711165965e-06
-21.519685039370078 1.3379211369975173e-07 1.2322919382969562e-06 1.2322919382969562e-06
-21.590551181102363 1.0743548179132333e-07 1.0212353609740115e-06 1.0212353609740115e-06
-21.661417322834644 8.598517949702071e-08 8.441824021771728e-07 8.441824021771728e-07
-21.73228346456693 6.85837799343651e-08 6.960170123416021e-07 6.960170123416021e-07
-21.803149606299215 5.4513349938407085e-08 5.723350549763417e-07 5.723350549763417e-07
-21.874015748031496 4.317457748256924e-08 4.693540145949605e-07 4.693540145949605e-07
-21.944881889763778 3.406871110905932e-08 3.838328484188186e-07 3.838328484188186e-07
-22.015748031496063 2.678198766097847e-08 3.130010559534805e-07 3.130010559534805e-07
-22.086614173228348 2.097225021950875e-08 2.5449607808744384e-07 2.5449607808744384e-07
-22.15748031496063 1.6357485141642912e-08 2.0630818927893255e-07 2.0630818927893255e-07
-22.22834645669291 1.2706033948344348e-08 1.667321054602717e-07 1.667321054602717e-07
-22.299212598425196 9.828261597315299e-09 1.3432459183794852e-07 1.3432459183794852e-07
-22.37007874015748 7.569486863664622e-09 1.0786741585336194e-07 1.0786741585336194e-07
-22.440944881889763 5.804002884287793e-09 8.633504949101322e-08 8.633504949101322e-08
-22.511811023622048 4.430036313837228e-09 6.886658090895769e-08 6.886658090895769e-08
-22.58267716535433 3.3655120083752807e-09 5.474134756751177e-08 5.474134756751177e-08
-22.653543307086615 2.5445067743650365e-09 4.335785148116607e-08 4.335785148116607e-08
-22.724409448818896 1.9142906075862548e-09 3.4215561925351145e-08 3.4215561925351145e-08
-22.79527559055118 1.4328671229768024e-09 2.6899252003438635e-08 2.6899252003438635e-08
-22.866141732283467 1.0669366716380415e-09 2.1065553083764155e-08 2.1065553083764155e-08
-22.937007874015748 7.902160844144704e-10 1.643144543676119e-08 1.643144543676119e-08
-23.00787401574803 5.820581944200765e-10 1.2764434638729133e-08 1.2764434638729133e-08
-23.078740157480315 4.2632239206981044e-10 9.874191661538463e-09 9.874191661538463e-09
-23.1496062992126 3.1045456360480513e-10 7.605460232591211e-09 7.605460232591211e-09
-23.22047244094488 2.247409613586527e-10 5.832058222939152e-09 5.832058222939152e-09
-23.291338582677163 1.6170594480117487e-10 4.451820685025693e-09 4.451820685025693e-09
-23.362204724409448 1.1562820370644052e-10 3.382350896750127e-09 3.382350896750127e-09
-23.433070866141733 8.215410901679952e-11 2.5574625444220845e-09 2.5574625444220845e-09
-23.503937007874015 5.799030639808112e-11 1.924211156409885e-09 1.924211156409885e-09
-23.5748031496063 4.066063979478863e-11 1.440426233729378e-09 1.440426233729378e-09
-23.645669291338585 2.8315027846958143e-11 1.0726673605466218e-09 1.0726673605466218e-09
-23.716535433070867 1.9580070238062803e-11 7.945380508341591e-10 7.945380508341591e-10
-23.787401574803148 1.3442983037159749e-11 5.853003250279409e-10 5.853003250279409e-10
-23.858267716535433 9.161996130991218e-12 4.2874113226003743e-10 4.2874113226003743e-10
-23.92913385826772 6.197631257352387e-12 3.122488491327935e-10 3.122488491327935e-10
-24.0 4.1603506611163725e-12 2.2606429878666996e-10 2.2606429878666996e-10
