UVLF_best-fit-model_z4.3.ecsv
# %ECSV 1.0
# ---
# datatype:
# - {name: MUV, unit: mag(AB), datatype: float64}
# - {name: Phi_16, unit: 1 / (mag Mpc3), datatype: float64}
# - {name: Phi_50, unit: 1 / (mag Mpc3), datatype: float64}
# - {name: Phi_84, unit: 1 / (mag Mpc3), datatype: float64}
# meta: !!omap
# - {Description: Best fit UVLF at z~4.3}
# schema: astropy-2.0
MUV Phi_16 Phi_50 Phi_84
[from data line 193]
-21.676470588235293 8.271816962263862e-05 9.970912444129245e-05 0.00012155416298587773
-21.705882352941178 7.745757314824126e-05 9.306388565049725e-05 0.00011329525418403462
-21.735294117647058 7.225726003182154e-05 8.65038687026023e-05 0.00010512961826074925
-21.764705882352942 6.758558559304585e-05 8.069118176167135e-05 9.778191373403793e-05
-21.794117647058822 6.291391115427074e-05 7.48784948207411e-05 9.04342092073275e-05
-21.823529411764707 5.839656813349131e-05 6.97822875685265e-05 8.402616714566853e-05
-21.852941176470587 5.388555017082704e-05 6.471544423798126e-05 7.765663584077484e-05
-21.88235294117647 4.9942400450057477e-05 6.008926805420713e-05 7.187248821356177e-05
-21.911764705882355 4.612483697509171e-05 5.5560547104815224e-05 6.621780043814367e-05
-21.941176470588236 4.2600599550893224e-05 5.143468906052372e-05 6.110527132885296e-05
-21.970588235294116 3.9216203616013765e-05 4.7500893564012336e-05 5.625121321155282e-05
-22.0 3.607063627320351e-05 4.387292110128081e-05 5.1799644707907445e-05
-22.029411764705884 3.313228785586544e-05 4.051029509432929e-05 4.7697295133757197e-05
-22.058823529411764 3.0334607752496293e-05 3.730746731048806e-05 4.3830579086050026e-05
-22.088235294117645 2.775355685263872e-05 3.435072879023601e-05 4.03267386690644e-05
-22.11764705882353 2.5259597632896577e-05 3.149361572555872e-05 3.6958424463218406e-05
-22.147058823529413 2.3024191838498068e-05 2.8932265732120082e-05 3.399245369669451e-05
-22.176470588235293 2.0829031377292905e-05 2.641406790677915e-05 3.108753436118807e-05
-22.205882352941178 1.895870824828877e-05 2.424416972393839e-05 2.8675387290319463e-05
-22.235294117647058 1.7088385119284858e-05 2.2074271541097895e-05 2.626324021945114e-05
-22.264705882352942 1.5449742001312746e-05 2.0250021060295598e-05 2.4238549114153708e-05
-22.294117647058822 1.3818633192642689e-05 1.843701115516957e-05 2.2226458202858834e-05
-22.323529411764707 1.2425148421018316e-05 1.6845063757146398e-05 2.0482546889722654e-05
-22.352941176470587 1.1081451542870388e-05 1.5299434217754533e-05 1.8794825587629507e-05
-22.38235294117647 9.875697950225471e-06 1.394974751587832e-05 1.7271756686962723e-05
-22.411764705882355 8.733366557811901e-06 1.2690149474928929e-05 1.5824390039825392e-05
-22.441176470588236 7.708364041119749e-06 1.1525545550862654e-05 1.4513753545629854e-05
-22.470588235294116 6.781985796772992e-06 1.0440791754031315e-05 1.3318049643762024e-05
-22.5 5.937027536854328e-06 9.421611506783156e-06 1.220059401754465e-05
-22.529411764705884 5.213401018436512e-06 8.500148705972869e-06 1.119974366484581e-05
-22.558823529411764 4.5381297521049475e-06 7.625842590286304e-06 1.0253951091036294e-05
-22.588235294117645 4.00059768868546e-06 6.885861577679085e-06 9.464989766183864e-06
-22.61764705882353 3.472614875573869e-06 6.163203856106409e-06 8.683596532782726e-06
-22.647058823529413 3.0159331314283867e-06 5.5698933742589665e-06 7.958711715551952e-06
-22.676470588235293 2.5592513872829596e-06 4.976582892411596e-06 7.233826898321263e-06
-22.705882352941178 2.207677192379389e-06 4.477826428792184e-06 6.6328632585319434e-06
-22.735294117647058 1.858645922054292e-06 3.981357562388022e-06 6.034897711745309e-06
-22.764705882352942 1.5963860542979893e-06 3.5643006700689095e-06 5.528048104889913e-06
-22.794117647058822 1.3513167474279917e-06 3.1629763386534965e-06 5.039249769153041e-06
-22.823529411764707 1.1532176773927242e-06 2.8303759367914146e-06 4.610993212606792e-06
-22.852941176470587 9.759349623183461e-07 2.528232730981449e-06 4.209567671838293e-06
-22.88235294117647 8.278053571107667e-07 2.2566034059726565e-06 3.846210571268306e-06
-22.911764705882355 7.03414712794749e-07 2.0098210981877147e-06 3.5138520577171603e-06
-22.941176470588236 5.899882123166864e-07 1.7829724820629583e-06 3.2039437165180976e-06
-22.970588235294116 4.923753808356551e-07 1.5848743827557373e-06 2.926415431596024e-06
-23.0 4.0245327658781543e-07 1.3968737827410817e-06 2.6602446100904904e-06
-23.029411764705884 3.3356757330139367e-07 1.2364928131444013e-06 2.4251397914597143e-06
-23.058823529411764 2.677496435367215e-07 1.080852152840353e-06 2.194845907597038e-06
-23.088235294117645 2.2321439257914046e-07 9.580973882538207e-07 1.9979278836878755e-06
-23.11764705882353 1.78679141621554e-07 8.353426236672738e-07 1.801009859778689e-06
-23.147058823529413 1.485529080369087e-07 7.388601128159472e-07 1.6418195074518335e-06
-23.176470588235293 1.1865721873023503e-07 6.427979580243976e-07 1.4832327978703172e-06
-23.205882352941178 9.71507621321996e-08 5.668637213323307e-07 1.3426405582064167e-06
-23.235294117647058 7.721238641428728e-08 4.946917123224226e-07 1.2054117708635876e-06
-23.264705882352942 6.253831226319337e-08 4.342220925547861e-07 1.0904643676161398e-06
-23.294117647058822 5.011191743276663e-08 3.7874899853105264e-07 9.850303643195516e-07
-23.323529411764707 3.9879665232848146e-08 3.300960016236523e-07 8.897613740095552e-07
-23.352941176470587 3.137800440347395e-08 2.8682223624463887e-07 8.025098587312591e-07
-23.38235294117647 2.432701079392363e-08 2.4801253302914173e-07 7.212989573789995e-07
-23.411764705882355 1.93014770762047e-08 2.1543567132497763e-07 6.485221207536749e-07
-23.441176470588236 1.4831495233403076e-08 1.8514373151489734e-07 5.79660505184349e-07
-23.470588235294116 1.1821821176096857e-08 1.60857872112113e-07 5.210903278193402e-07
-23.5 8.972254944861058e-09 1.3740408442453349e-07 4.642690010795958e-07
