UVLF_prediction_z14.ecsv
# %ECSV 1.0
# ---
# datatype:
# - {name: MUV, unit: mag(AB), datatype: float64}
# - {name: Phi_fiducial, datatype: float64}
# - {name: Phi_sfe, datatype: float64}
# - {name: Phi_sigma, datatype: float64}
# meta: !!omap
# - {Description: 'UVLF predictions at z=14. This includes the 1) Fiducial model 2) increasing SFE=1, 3) Increasing sigma_UV=2'}
# - Fiducial model parameters: {alpha_sat: 0.8867630869374541, beta: 0.700077045725375, eps0: 0.23318140044525226, gamma: 0.5303124865141149,
#     logMc: 11.969330956585615, logMcut: 11.784692481369536, logMsat: 12.868572017298623, sigma_UV: 0.5343856713984909}
# schema: astropy-2.0
MUV Phi_fiducial Phi_sfe Phi_sigma
-15.0 0.0007338337564442721 0.004427768430825899 0.004427768430825899
-15.070866141732283 0.0006728063496114643 0.00410458773814418 0.00410458773814418
-15.141732283464567 0.0006164949124490318 0.003803264210964589 0.003803264210964589
-15.21259842519685 0.0005645630638839341 0.003522435606027719 0.003522435606027719
-15.283464566929133 0.0005166963812593824 0.0032608173844792627 0.0032608173844792627
-15.354330708661417 0.0004726011022936183 0.003017198684812675 0.003017198684812675
-15.4251968503937 0.0004320028956277033 0.002790438484438375 0.002790438484438375
-15.496062992125985 0.00039464569675340394 0.002579461941874283 0.002579461941874283
-15.566929133858268 0.00036029060625044566 0.002383256911867742 0.002383256911867742
-15.637795275590552 0.000328714847395431 0.0022008706260595837 0.0022008706260595837
-15.708661417322835 0.0002997107803326954 0.0020314065320936082 0.0020314065320936082
-15.779527559055119 0.00027308497011916343 0.00187402128435314 0.00187402128435314
-15.850393700787402 0.0002486573060709075 0.0017279218797767422 0.0017279218797767422
-15.921259842519685 0.00022626016994788508 0.001592362932463032 0.001592362932463032
-15.992125984251969 0.00020573765061585156 0.0014666440810246649 0.0014666440810246649
-16.062992125984252 0.00018694480292008527 0.0013501075228898863 0.0013501075228898863
-16.133858267716537 0.0001697469485960605 0.0012421356699816497 0.0012421356699816497
-16.20472440944882 0.00015401901712711055 0.001142148920422776 0.001142148920422776
-16.275590551181104 0.0001396449245411578 0.0010496035411319646 0.0010496035411319646
-16.346456692913385 0.00012651698821695523 0.0009639896563754002 0.0009639896563754002
-16.41732283464567 0.00011453537584783174 0.0008848293375374126 0.0008848293375374126
-16.488188976377952 0.00010360758678710079 0.0008116747895607143 0.0008116747895607143
-16.559055118110237 9.364796407553927e-05 0.0007441066296883545 0.0007441066296883545
-16.62992125984252 8.457723552713103e-05 0.0006817322543134174 0.0006817322543134174
-16.700787401574804 7.632208232491132e-05 0.0006241842899108969 0.0006241842899108969
-16.771653543307085 6.881473365346562e-05 0.0005711191241874255 0.0005711191241874255
-16.84251968503937 6.199258596782439e-05 0.0005222155137407582 0.0005222155137407582
-16.913385826771652 5.579784556956087e-05 0.0004771732646708005 0.0004771732646708005
-16.984251968503937 5.017719322885904e-05 0.0004357119827277961 0.0004357119827277961
-17.055118110236222 4.50814696559382e-05 0.0003975698897212261 0.0003975698897212261
-17.125984251968504 4.046538068583921e-05 0.0003625027030440269 0.0003625027030440269
-17.19685039370079 3.6287221097388356e-05 0.00033028257529203135 0.00033028257529203135
-17.26771653543307 3.250861604004549e-05 0.00030069709107786774 0.00030069709107786774
-17.338582677165356 2.9094279091783785e-05 0.0002735483182539395 0.0002735483182539395
-17.409448818897637 2.6011786017678732e-05 0.000248651910873437 0.000248651910873437
-17.480314960629922 2.3231363342967487e-05 0.00022583626133467716 0.00022583626133467716
-17.551181102362204 2.0725690896780784e-05 0.0002049416992788596 0.0002049416992788596
-17.62204724409449 1.8469717523965047e-05 0.0001858197349481783 0.0001858197349481783
-17.69291338582677 1.644048920300463e-05 0.00016833234486708269 0.00016833234486708269
-17.763779527559056 1.4616988848128215e-05 0.0001523512978852623 0.0001523512978852623
-17.834645669291337 1.2979987113360192e-05 0.00013775751981740417 0.00013775751981740417
-17.905511811023622 1.1511903555119268e-05 0.0001244404951241932 0.0001244404951241932
-17.976377952755904 1.0196677547305117e-05 0.00011229770428870174 0.00011229770428870174
-18.04724409448819 9.01964837775388e-06 0.00010123409573122767 0.00010123409573122767
-18.118110236220474 7.967443986140176e-06 9.116159124712307e-05 9.116159124712307e-05
-18.188976377952756 7.0278778298288e-06 8.199862401594415e-05 8.199862401594415e-05
-18.25984251968504 6.189853384678153e-06 7.36697081885372e-05 7.36697081885372e-05
-18.330708661417322 5.443275802026576e-06 6.61050388908519e-05 6.61050388908519e-05
-18.401574803149607 4.7789702512513165e-06 5.9240121184540615e-05 5.9240121184540615e-05
-18.47244094488189 4.18860648078152e-06 5.301542611057465e-05 5.301542611057465e-05
-18.543307086614174 3.6646291315647532e-06 4.7376071453605235e-05 4.7376071453605235e-05
-18.614173228346456 3.2001933390456516e-06 4.227152436621421e-05 4.227152436621421e-05
-18.68503937007874 2.7891051665395236e-06 3.765532256601428e-05 3.765532256601428e-05
-18.755905511811022 2.4257664282549784e-06 3.348481055547109e-05 3.348481055547109e-05
-18.826771653543307 2.105123487178665e-06 2.9720887296824305e-05 2.9720887296824305e-05
-18.89763779527559 1.8226196531785977e-06 2.63277620624205e-05 2.63277620624205e-05
-18.968503937007874 1.5741508595322707e-06 2.3272715794183068e-05 2.3272715794183068e-05
-19.039370078740156 1.3560243589175276e-06 2.0525866217023647e-05 2.0525866217023647e-05
-19.11023622047244 1.1649202477621083e-06 1.805993608035268e-05 1.805993608035268e-05
-19.181102362204726 9.978556942500477e-07 1.5850025126530958e-05 1.5850025126530958e-05
-19.251968503937007 8.521518030358716e-07 1.3873387554481609e-05 1.3873387554481609e-05
-19.322834645669293 7.254030921963427e-07 1.2109217705039523e-05 1.2109217705039523e-05
-19.393700787401574 6.1544958019667e-07 1.0538447307079128e-05 1.0538447307079128e-05
-19.46456692913386 5.203514803403334e-07 9.143557798821064e-06 9.143557798821064e-06
-19.53543307086614 4.383664781511301e-07 7.908410946061984e-06 7.908410946061984e-06
-19.606299212598426 3.679295273207445e-07 6.818100253822501e-06 6.818100253822501e-06
-19.677165354330707 3.076350487120592e-07 5.858824606502754e-06 5.858824606502754e-06
-19.748031496062993 2.562213623687818e-07 5.017784315506578e-06 5.017784315506578e-06
-19.818897637795274 2.1255713270243327e-07 4.283098465925523e-06 4.283098465925523e-06
-19.88976377952756 1.7562956911124572e-07 3.643741294648494e-06 3.643741294648494e-06
-19.960629921259844 1.4453410324913777e-07 3.089494433055401e-06 3.089494433055401e-06
-20.031496062992126 1.1846526233157655e-07 2.6109112948741316e-06 2.6109112948741316e-06
-20.102362204724407 9.670847474493651e-08 2.1992897169611785e-06 2.1992897169611785e-06
-20.173228346456693 7.863257685191286e-08 1.8466491480514827e-06 1.8466491480514827e-06
-20.244094488188978 6.36828335299677e-08 1.5457091649118353e-06 1.5457091649118353e-06
-20.31496062992126 5.137433405691083e-08 1.2898667851482554e-06 1.2898667851482554e-06
-20.385826771653544 4.128567392533194e-08 1.0731708378978784e-06 1.0731708378978784e-06
-20.456692913385826 3.305287730363918e-08 8.902924490903436e-07 8.902924490903436e-07
-20.52755905511811 2.636355076955813e-08 7.364914151864262e-07 7.364914151864262e-07
-20.598425196850393 2.095128478097865e-08 6.075788214139355e-07 6.075788214139355e-07
-20.669291338582678 1.65903347788375e-08 4.998766777601664e-07 4.998766777601664e-07
-20.74015748031496 1.3090619737823471e-08 4.101755938149667e-07 4.101755938149667e-07
-20.811023622047244 1.0293074154065695e-08 3.356916074046228e-07 3.356916074046228e-07
-20.881889763779526 8.065382083515917e-09 2.740232504862231e-07 2.740232504862231e-07
-20.95275590551181 6.298111182897176e-09 2.2310981397146958e-07 2.2310981397146958e-07
-21.023622047244096 4.901252788545227e-09 1.8119159636327426e-07 1.8119159636327426e-07
-21.094488188976378 3.8011625141178945e-09 1.4677272070284322e-07 1.4677272070284322e-07
-21.16535433070866 2.9378857860718303e-09 1.1858690515398509e-07 1.1858690515398509e-07
-21.236220472440944 2.262844808890059e-09 9.556639192795213e-08 9.556639192795213e-08
-21.30708661417323 1.7368578963129019e-09 7.681408736795042e-08 7.681408736795042e-08
-21.37795275590551 1.3284588410965995e-09 6.157884702970821e-08 6.157884702970821e-08
-21.448818897637796 1.0124827400257384e-09 4.923375319615072e-08 4.923375319615072e-08
-21.519685039370078 7.688850537487749e-10 3.9257175201782814e-08 3.9257175201782814e-08
-21.590551181102363 5.817622407939612e-10 3.121637039965182e-08 3.121637039965182e-08
-21.661417322834644 4.3854466572119124e-10 2.4753370262596465e-08 2.4753370262596465e-08
-21.73228346456693 3.293353019482006e-10 1.9572896883253948e-08 1.9572896883253948e-08
-21.803149606299215 2.4637076022870704e-10 1.5432065569499995e-08 1.5432065569499995e-08
-21.874015748031496 1.835841740946866e-10 1.2131645712940358e-08 1.2131645712940358e-08
-21.944881889763778 1.36252328561553e-10 9.508671869545134e-09 9.508671869545134e-09
-22.015748031496063 1.0071204485651635e-10 7.430218033228425e-09 7.430218033228425e-09
-22.086614173228348 7.413318969098397e-11 5.788169049747761e-09 5.788169049747761e-09
-22.15748031496063 5.433774915462231e-11 4.4948431416477956e-09 4.4948431416477956e-09
-22.22834645669291 3.965620102838983e-11 3.4793381033324393e-09 3.4793381033324393e-09
-22.299212598425196 2.881395312139538e-11 2.6844906325765355e-09 2.6844906325765355e-09
-22.37007874015748 2.0841913598479764e-11 2.0643534242966984e-09 2.0643534242966984e-09
-22.440944881889763 1.500634919080123e-11 1.5821080950072346e-09 1.5821080950072346e-09
-22.511811023622048 1.0754095545680003e-11 1.2083438302733068e-09 1.2083438302733068e-09
-22.58267716535433 7.66993644754886e-12 9.196419804379413e-10 9.196419804379413e-10
-22.653543307086615 5.443588520645898e-12 6.974158120482469e-10 6.974158120482469e-10
-22.724409448818896 3.844236086541475e-12 5.269623958241038e-10 5.269623958241038e-10
-22.79527559055118 2.7009752867789346e-12 3.96690312770154e-10 3.96690312770154e-10
-22.866141732283467 1.887863126576793e-12 2.9749261503689576e-10 2.9749261503689576e-10
-22.937007874015748 1.3125391037735041e-12 2.2223940380273223e-10 2.2223940380273223e-10
-23.00787401574803 9.076060129264977e-13 1.6536858800855298e-10 1.6536858800855298e-10
-23.078740157480315 6.241318783881772e-13 1.2255695980050026e-10 1.2255695980050026e-10
-23.1496062992126 4.2677483345363644e-13 9.045674897518601e-11 9.045674897518601e-11
-23.22047244094488 2.9014378485724456e-13 6.64853745085473e-11 6.64853745085473e-11
-23.291338582677163 1.9609542201839876e-13 4.8658261851118955e-11 4.8658261851118955e-11
-23.362204724409448 1.3173711289275855e-13 3.545639831116147e-11 3.545639831116147e-11
-23.433070866141733 8.79592010397172e-14 2.572180596283836e-11 2.572180596283836e-11
-23.503937007874015 5.836224628202983e-14 1.8575366383749988e-11 1.8575366383749988e-11
-23.5748031496063 3.847730967884226e-14 1.3352472486718926e-11 1.3352472486718926e-11
-23.645669291338585 2.5202467484270653e-14 9.552843055652518e-12 9.552843055652518e-12
-23.716535433070867 1.639797197870712e-14 6.80154385654438e-12 6.80154385654438e-12
-23.787401574803148 1.0597133355357638e-14 4.818840066205803e-12 4.818840066205803e-12
-23.858267716535433 6.801109992661e-15 3.396979217091267e-12 3.396979217091267e-12
-23.92913385826772 4.334169055080327e-15 2.3823898415671847e-12 2.3823898415671847e-12
-24.0 2.742254008123406e-15 1.662093699860633e-12 1.662093699860633e-12
