UVLF_prediction_z15.ecsv
# %ECSV 1.0
# ---
# datatype:
# - {name: MUV, unit: mag(AB), datatype: float64}
# - {name: Phi_fiducial, datatype: float64}
# - {name: Phi_sfe, datatype: float64}
# - {name: Phi_sigma, datatype: float64}
# meta: !!omap
# - {Description: 'UVLF predictions at z=15. This includes the 1) Fiducial model 2) increasing SFE=1, 3) Increasing sigma_UV=2'}
# - Fiducial model parameters: {alpha_sat: 0.8867630869374541, beta: 0.700077045725375, eps0: 0.23318140044525226, gamma: 0.5303124865141149,
#     logMc: 11.969330956585615, logMcut: 11.784692481369536, logMsat: 12.868572017298623, sigma_UV: 0.5343856713984909}
# schema: astropy-2.0
MUV Phi_fiducial Phi_sfe Phi_sigma
-15.0 0.00033130764155670195 0.0023065516245190094 0.0023065516245190094
-15.070866141732283 0.0003016014029686135 0.0021255915016725325 0.0021255915016725325
-15.141732283464567 0.0002743815800252066 0.0019578347123170394 0.0019578347123170394
-15.21259842519685 0.00024945513460784764 0.0018023904082851289 0.0018023904082851289
-15.283464566929133 0.00022664281660671537 0.0016584229233775132 0.0016584229233775132
-15.354330708661417 0.00020577826727437306 0.0015251486617882054 0.0015251486617882054
-15.4251968503937 0.00018670717498273022 0.0014018331449043959 0.0014018331449043959
-15.496062992125985 0.00016928648066744044 0.0012877882092405606 0.0012877882092405606
-15.566929133858268 0.00015338363036732834 0.001182369348564691 0.001182369348564691
-15.637795275590552 0.00013887587238635904 0.001084973193562817 0.001084973193562817
-15.708661417322835 0.00012564959672019426 0.0009950351226652582 0.0009950351226652582
-15.779527559055119 0.00011359971450007904 0.000912026997923401 0.000912026997923401
-15.850393700787402 0.00010262907531237463 0.0008354550200824851 0.0008354550200824851
-15.921259842519685 9.26479203536035e-05 0.0007648576972409755 0.0007648576972409755
-15.992125984251969 8.357336947738339e-05 0.0006998039217244467 0.0006998039217244467
-16.062992125984252 7.532894028196825e-05 0.0006398911500281413 0.0006398911500281413
-16.133858267716537 6.784409747465589e-05 0.0005847436809019 0.0005847436809019
-16.20472440944882 6.105383083269153e-05 0.0005340110268593683 0.0005340110268593683
-16.275590551181104 5.489826015966447e-05 0.00048736637459704184 0.00048736637459704184
-16.346456692913385 4.932226571188816e-05 0.000444505130000487 0.000444505130000487
-16.41732283464567 4.427514264145993e-05 0.000405143543602169 0.000405143543602169
-16.488188976377952 3.971027807211422e-05 0.0003690174125335643 0.0003690174125335643
-16.559055118110237 3.558484949058704e-05 0.00033588085518556526 0.00033588085518556526
-16.62992125984252 3.1859543200917014e-05 0.00030550515495627353 0.00030550515495627353
-16.700787401574804 2.849829165153404e-05 0.0002776776696227653 0.0002776776696227653
-16.771653543307085 2.5468028505790824e-05 0.0002522008030256355 0.0002522008030256355
-16.84251968503937 2.2738460385362505e-05 0.00022889103590043183 0.00022889103590043183
-16.913385826771652 2.028185427295345e-05 0.0002075780128302727 0.0002075780128302727
-16.984251968503937 1.8072839615569835e-05 0.00018810368242781249 0.00018810368242781249
-17.055118110236222 1.6088224222297504e-05 0.0001703214879838933 0.0001703214879838933
-17.125984251968504 1.4306823100818255e-05 0.0001540956059435566 0.0001540956059435566
-17.19685039370079 1.2709299424681352e-05 0.00013930022968922586 0.00013930022968922586
-17.26771653543307 1.127801686862777e-05 0.00012581889622486427 0.00012581889622486427
-17.338582677165356 9.996902592038579e-06 0.00011354385346565021 0.00011354385346565021
-17.409448818897637 8.851320190922284e-06 0.0001023754659449263 0.0001023754659449263
-17.480314960629922 7.827951977013856e-06 9.222165685576231e-05 9.222165685576231e-05
-17.551181102362204 6.914689978604922e-06 8.299738444905631e-05 8.299738444905631e-05
-17.62204724409449 6.100535092024634e-06 7.462415091551634e-05 7.462415091551634e-05
-17.69291338582677 5.375503845310543e-06 6.70295419858436e-05 6.70295419858436e-05
-17.763779527559056 4.73054226682027e-06 6.014679559268636e-05 6.014679559268636e-05
-17.834645669291337 4.157446381361574e-06 5.391439804882988e-05 5.391439804882988e-05
-17.905511811023622 3.6487888849390093e-06 4.827570630659682e-05 4.827570630659682e-05
-17.976377952755904 3.1978515763317193e-06 4.317859496974609e-05 4.317859496974609e-05
-18.04724409448819 2.7985631493040745e-06 3.8575126825475336e-05 3.8575126825475336e-05
-18.118110236220474 2.4454419731285296e-06 3.442124574341978e-05 3.442124574341978e-05
-18.188976377952756 2.1335435110713917e-06 3.067649084285705e-05 3.067649084285705e-05
-18.25984251968504 1.8584120464082819e-06 2.7303730851930495e-05 2.7303730851930495e-05
-18.330708661417322 1.6160364033792936e-06 2.4268917569114516e-05 2.4268917569114516e-05
-18.401574803149607 1.4028093663914783e-06 2.154085728742461e-05 2.154085728742461e-05
-18.47244094488189 1.2154905150781693e-06 1.9090998962278087e-05 1.9090998962278087e-05
-18.543307086614174 1.0511722060987843e-06 1.6893237807067077e-05 1.6893237807067077e-05
-18.614173228346456 9.072484455164408e-07 1.4923732905687987e-05 1.4923732905687987e-05
-18.68503937007874 7.813864090716525e-07 1.3160737362026949e-05 1.3160737362026949e-05
-18.755905511811022 6.71500382411964e-07 1.1584439487446631e-05 1.1584439487446631e-05
-18.826771653543307 5.757279099463835e-07 1.0176813580309329e-05 1.0176813580309329e-05
-18.89763779527559 4.924079596723664e-07 8.921478990356964e-06 8.921478990356964e-06
-18.968503937007874 4.200609318877364e-07 7.803566387532176e-06 7.803566387532176e-06
-19.039370078740156 3.5737036142866746e-07 6.809590457628549e-06 6.809590457628549e-06
-19.11023622047244 3.0316618487092347e-07 5.927328600072983e-06 5.927328600072983e-06
-19.181102362204726 2.5640946457109774e-07 5.1457055684743075e-06 5.1457055684743075e-06
-19.251968503937007 2.1617847905544427e-07 4.454684328789395e-06 4.454684328789395e-06
-19.322834645669293 1.8165610279214267e-07 3.845163669501819e-06 3.845163669501819e-06
-19.393700787401574 1.5211840697178166e-07 3.308883247838157e-06 3.308883247838157e-06
-19.46456692913386 1.2692441632010985e-07 2.8383367742941824e-06 2.8383367742941824e-06
-19.53543307086614 1.0550695562685405e-07 2.426693921629635e-06 2.426693921629635e-06
-19.606299212598426 8.736451467502638e-08 2.067731310053153e-06 2.067731310053153e-06
-19.677165354330707 7.205405315997237e-08 1.755772600459552e-06 1.755772600459552e-06
-19.748031496062993 5.9184659793082425e-08 1.485637366588014e-06 1.485637366588014e-06
-19.818897637795274 4.841197382600977e-08 1.252598063435845e-06 1.252598063435845e-06
-19.88976377952756 3.9433274136537735e-08 1.0523441084262088e-06 1.0523441084262088e-06
-19.960629921259844 3.198314167872425e-08 8.809518789134928e-07 8.809518789134928e-07
-20.031496062992126 2.5829605797487575e-08 7.348593253473242e-07 7.348593253473242e-07
-20.102362204724407 2.077069330133824e-08 6.108439081654908e-07 6.108439081654908e-07
-20.173228346456693 1.6631310435557737e-08 5.060026774153804e-07 5.060026774153804e-07
-20.244094488188978 1.3260400835734741e-08 4.177335044043098e-07 4.177335044043098e-07
-20.31496062992126 1.0528335887753215e-08 3.4371671449566695e-07 3.4371671449566695e-07
-20.385826771653544 8.324506482750293e-09 2.8189662772280217e-07 2.8189662772280217e-07
-20.456692913385826 6.555095983555087e-09 2.3046276023393511e-07 2.3046276023393511e-07
-20.52755905511811 5.14102270277082e-09 1.878306520237783e-07 1.878306520237783e-07
-20.598425196850393 4.016046083816345e-09 1.5262245041049132e-07 1.5262245041049132e-07
-20.669291338582678 3.1250341627999264e-09 1.2364748821072485e-07 1.2364748821072485e-07
-20.74015748031496 2.4223911108618413e-09 9.988315193845186e-08 9.988315193845186e-08
-20.811023622047244 1.8706432160560388e-09 8.045634561999065e-08 8.045634561999065e-08
-20.881889763779526 1.4391801229929908e-09 6.462583040622418e-08 6.462583040622418e-08
-20.95275590551181 1.1031460462771686e-09 5.176567076242901e-08 5.176567076242901e-08
-21.023622047244096 8.424734678536244e-10 4.134995585032096e-08 4.134995585032096e-08
-21.094488188976378 6.410498584241389e-10 3.2938899278712795e-08 3.2938899278712795e-08
-21.16535433070866 4.860064457363709e-10 2.6166358858987956e-08 2.6166358858987956e-08
-21.236220472440944 3.671170885390996e-10 2.072876502020338e-08 2.072876502020338e-08
-21.30708661417323 2.7629491333022014e-10 1.6375404516334482e-08 1.6375404516334482e-08
-21.37795275590551 2.071744751079875e-10 1.2899975567692627e-08 1.2899975567692627e-08
-21.448818897637796 1.547677181711438e-10 1.013331089073669e-08 1.013331089073669e-08
-21.519685039370078 1.1518282823166005e-10 7.93715467341791e-09 7.93715467341791e-09
-21.590551181102363 8.539607410634755e-11 6.19887657654283e-09 6.19887657654283e-09
-21.661417322834644 6.306784019436065e-11 4.8270083758169754e-09 4.8270083758169754e-09
-21.73228346456693 4.6395172834144815e-11 3.747495166305025e-09 3.747495166305025e-09
-21.803149606299215 3.399424727386806e-11 2.9005616740249003e-09 2.9005616740249003e-09
-21.874015748031496 2.4807169516657996e-11 2.2381040149533004e-09 2.2381040149533004e-09
-21.944881889763778 1.8028436329751225e-11 1.7215273744830383e-09 1.7215273744830383e-09
-22.015748031496063 1.304717782145797e-11 1.3199599759942608e-09 1.3199599759942608e-09
-22.086614173228348 9.401999398937517e-12 1.008783005460215e-09 1.008783005460215e-09
-22.15748031496063 6.7458290825916524e-12 7.684246585052338e-10 7.684246585052338e-10
-22.22834645669291 4.818670924196312e-12 5.833740905791271e-10 5.833740905791271e-10
-22.299212598425196 3.426576235038796e-12 4.413777689998539e-10 4.413777689998539e-10
-22.37007874015748 2.4254825653463157e-12 3.327865842174293e-10 3.327865842174293e-10
-22.440944881889763 1.7088465162314868e-12 2.500271405952627e-10 2.500271405952627e-10
-22.511811023622048 1.19822037815592e-12 1.871749903552998e-10 1.871749903552998e-10
-22.58267716535433 8.361030090376993e-13 1.3961127841250388e-10 1.3961127841250388e-10
-22.653543307086615 5.805399439594898e-13 1.0374740833823425e-10 1.0374740833823425e-10
-22.724409448818896 4.0106295885721775e-13 7.680499427282107e-11 7.680499427282107e-11
-22.79527559055118 2.756507099044389e-13 5.6640596500429006e-11 5.6640596500429006e-11
-22.866141732283467 1.884642054010205e-13 4.1606609761045e-11 4.1606609761045e-11
-22.937007874015748 1.2816753317066876e-13 3.0441235708656736e-11 3.0441235708656736e-11
-23.00787401574803 8.66885712657876e-14 2.2181770696757244e-11 2.2181770696757244e-11
-23.078740157480315 5.830888431993719e-14 1.6096517483807727e-11 1.6096517483807727e-11
-23.1496062992126 3.8998705800036197e-14 1.1631519305365521e-11 1.1631519305365521e-11
-23.22047244094488 2.593348438434127e-14 8.369047079486619e-12 8.369047079486619e-12
-23.291338582677163 1.7144251957319177e-14 5.99537092404349e-12 5.99537092404349e-12
-23.362204724409448 1.1266113888533853e-14 4.275837616018558e-12 4.275837616018558e-12
-23.433070866141733 7.358304881617001e-15 3.035674732618992e-12 3.035674732618992e-12
-23.503937007874015 4.776159080096548e-15 2.145265726892221e-12 2.145265726892221e-12
-23.5748031496063 3.080531861938683e-15 1.5089014018106228e-12 1.5089014018106228e-12
-23.645669291338585 1.9740873409174888e-15 1.0562233199036995e-12 1.0562233199036995e-12
-23.716535433070867 1.2567470610192535e-15 7.357429326939639e-13 7.357429326939639e-13
-23.787401574803148 7.947247116374364e-16 5.099544106767956e-13 5.099544106767956e-13
-23.858267716535433 4.991358103450576e-16 3.516657463705936e-13 3.516657463705936e-13
-23.92913385826772 3.1131440142598873e-16 2.412569911236135e-13 2.412569911236135e-13
-24.0 1.927981844186394e-16 1.6464086178898683e-13 1.6464086178898683e-13
