UVLF_prediction_z14.ecsv
# %ECSV 1.0
# ---
# datatype:
# - {name: MUV, unit: mag(AB), datatype: float64}
# - {name: Phi_fiducial, datatype: float64}
# - {name: Phi_sfe, datatype: float64}
# - {name: Phi_sigma, datatype: float64}
# meta: !!omap
# - {Description: 'UVLF predictions at z=14. This includes the 1) Fiducial model 2) increasing SFE=1, 3) Increasing sigma_UV=2'}
# - Fiducial model parameters: {alpha_sat: 0.8867630869374541, beta: 0.700077045725375, eps0: 0.23318140044525226, gamma: 0.5303124865141149,
#     logMc: 11.969330956585615, logMcut: 11.784692481369536, logMsat: 12.868572017298623, sigma_UV: 0.5343856713984909}
# schema: astropy-2.0
MUV Phi_fiducial Phi_sfe Phi_sigma
-15.0 0.0007338337564442721 0.004427768430825899 0.005105370833843443
-15.070866141732283 0.0006728063496114643 0.00410458773814418 0.004776734866169213
-15.141732283464567 0.0006164949124490318 0.003803264210964589 0.004468050492884029
-15.21259842519685 0.0005645630638839341 0.003522435606027719 0.004178180975995109
-15.283464566929133 0.0005166963812593824 0.0032608173844792627 0.003906050039931611
-15.354330708661417 0.0004726011022936183 0.003017198684812675 0.0036506388841302325
-15.4251968503937 0.0004320028956277033 0.002790438484438375 0.0034109833322283766
-15.496062992125985 0.00039464569675340394 0.002579461941874283 0.0031861711122324276
-15.566929133858268 0.00036029060625044566 0.002383256911867742 0.0029753392618897395
-15.637795275590552 0.000328714847395431 0.0022008706260595837 0.0027776716540055726
-15.708661417322835 0.0002997107803326954 0.0020314065320936082 0.0025923966366516167
-15.779527559055119 0.00027308497011916343 0.00187402128435314 0.0024187847833217805
-15.850393700787402 0.0002486573060709075 0.0017279218797767422 0.0022561467480248895
-15.921259842519685 0.00022626016994788508 0.001592362932463032 0.002103831221443005
-15.992125984251969 0.00020573765061585156 0.0014666440810246649 0.0019612229828405727
-16.062992125984252 0.00018694480292008527 0.0013501075228898863 0.0018277410446111725
-16.133858267716537 0.0001697469485960605 0.0012421356699816497 0.0017028368844184132
-16.20472440944882 0.00015401901712711055 0.001142148920422776 0.0015859927620014106
-16.275590551181104 0.0001396449245411578 0.0010496035411319646 0.0014767201162001308
-16.346456692913385 0.00012651698821695523 0.0009639896563754002 0.0013745580391892622
-16.41732283464567 0.00011453537584783174 0.0008848293375374126 0.0012790718241208108
-16.488188976377952 0.00010360758678710079 0.0008116747895607143 0.0011898515833186271
-16.559055118110237 9.364796407553927e-05 0.0007441066296883545 0.001106510933477383
-16.62992125984252 8.457723552713103e-05 0.0006817322543134174 0.0010286857451904502
-16.700787401574804 7.632208232491132e-05 0.0006241842899108969 0.0009560329536902437
-16.771653543307085 6.881473365346562e-05 0.0005711191241874255 0.0008882294283298186
-16.84251968503937 6.199258596782439e-05 0.0005222155137407582 0.0008249708977881693
-16.913385826771652 5.579784556956087e-05 0.0004771732646708005 0.0007659709287926535
-16.984251968503937 5.017719322885904e-05 0.0004357119827277961 0.0007109599557401643
-17.055118110236222 4.50814696559382e-05 0.0003975698897212261 0.000659684358986468
-17.125984251968504 4.046538068583921e-05 0.0003625027030440269 0.0006119055894780367
-17.19685039370079 3.6287221097388356e-05 0.00033028257529203135 0.0005673993376984374
-17.26771653543307 3.250861604004549e-05 0.00030069709107786774 0.0005259547447701928
-17.338582677165356 2.9094279091783785e-05 0.0002735483182539395 0.0004873736538576405
-17.409448818897637 2.6011786017678732e-05 0.000248651910873437 0.0004514698999406268
-17.480314960629922 2.3231363342967487e-05 0.00022583626133467716 0.00041806863607606694
-17.551181102362204 2.0725690896780784e-05 0.0002049416992788596 0.00038700569462968895
-17.62204724409449 1.8469717523965047e-05 0.0001858197349481783 0.00035812698164883585
-17.69291338582677 1.644048920300463e-05 0.00016833234486708269 0.00033128790288028024
-17.763779527559056 1.4616988848128215e-05 0.0001523512978852623 0.0003063528198608764
-17.834645669291337 1.2979987113360192e-05 0.00013775751981740417 0.0002831945347749861
-17.905511811023622 1.1511903555119268e-05 0.0001244404951241932 0.0002616938025286904
-17.976377952755904 1.0196677547305117e-05 0.00011229770428870174 0.00024173886883143594
-18.04724409448819 9.01964837775388e-06 0.00010123409573122767 0.00022322503300149787
-18.118110236220474 7.967443986140176e-06 9.116159124712307e-05 0.00020605423421239964
-18.188976377952756 7.0278778298288e-06 8.199862401594415e-05 0.00019013466022087526
-18.25984251968504 6.189853384678153e-06 7.36697081885372e-05 0.0001753803771961953
-18.330708661417322 5.443275802026576e-06 6.61050388908519e-05 0.00016171097985130661
-18.401574803149607 4.7789702512513165e-06 5.9240121184540615e-05 0.00014905126072070835
-18.47244094488189 4.18860648078152e-06 5.301542611057465e-05 0.0001373308977025926
-18.543307086614174 3.6646291315647532e-06 4.7376071453605235e-05 0.00012648415885299334
-18.614173228346456 3.2001933390456516e-06 4.227152436621421e-05 0.00011644962371782497
-18.68503937007874 2.7891051665395236e-06 3.765532256601428e-05 0.0001071699201472049
-18.755905511811022 2.4257664282549784e-06 3.348481055547109e-05 9.859147604330617e-05
-18.826771653543307 2.105123487178665e-06 2.9720887296824305e-05 9.066428503914459e-05
-18.89763779527559 1.8226196531785977e-06 2.63277620624205e-05 8.334168560642969e-05
-18.968503937007874 1.5741508595322707e-06 2.3272715794183068e-05 7.658015267485465e-05
-19.039370078740156 1.3560243589175276e-06 2.0525866217023647e-05 7.033910136134441e-05
-19.11023622047244 1.1649202477621083e-06 1.805993608035268e-05 6.458070189999565e-05
-19.181102362204726 9.978556942500477e-07 1.5850025126530958e-05 5.926970544732667e-05
-19.251968503937007 8.521518030358716e-07 1.3873387554481609e-05 5.437327994153367e-05
-19.322834645669293 7.254030921963427e-07 1.2109217705039523e-05 4.9860855720956144e-05
-19.393700787401574 6.1544958019667e-07 1.0538447307079128e-05 4.5703980125781194e-05
-19.46456692913386 5.203514803403334e-07 9.143557798821064e-06 4.1876180857575996e-05
-19.53543307086614 4.383664781511301e-07 7.908410946061984e-06 3.835283736790402e-05
-19.606299212598426 3.679295273207445e-07 6.818100253822501e-06 3.511106008304058e-05
-19.677165354330707 3.076350487120592e-07 5.858824606502754e-06 3.212957680216713e-05
-19.748031496062993 2.562213623687818e-07 5.017784315506578e-06 2.9388626086572933e-05
-19.818897637795274 2.1255713270243327e-07 4.283098465925523e-06 2.6869857068898003e-05
-19.88976377952756 1.7562956911124572e-07 3.643741294648494e-06 2.4556235474528043e-05
-19.960629921259844 1.4453410324913777e-07 3.089494433055401e-06 2.2431955380934154e-05
-20.031496062992126 1.1846526233157655e-07 2.6109112948741316e-06 2.048235650592186e-05
-20.102362204724407 9.670847474493651e-08 2.1992897169611785e-06 1.8693846600239845e-05
-20.173228346456693 7.863257685191286e-08 1.8466491480514827e-06 1.7053828755366194e-05
-20.244094488188978 6.36828335299677e-08 1.5457091649118353e-06 1.5550633258344873e-05
-20.31496062992126 5.137433405691083e-08 1.2898667851482554e-06 1.417345379883477e-05
-20.385826771653544 4.128567392533194e-08 1.0731708378978784e-06 1.291228771780299e-05
-20.456692913385826 3.305287730363918e-08 8.902924490903436e-07 1.1757880118107147e-05
-20.52755905511811 2.636355076955813e-08 7.364914151864262e-07 1.0701671552606738e-05
-20.598425196850393 2.095128478097865e-08 6.075788214139355e-07 9.735749131894109e-06
-20.669291338582678 1.65903347788375e-08 4.998766777601664e-07 8.852800800704171e-06
-20.74015748031496 1.3090619737823471e-08 4.101755938149667e-07 8.046072632502776e-06
-20.811023622047244 1.0293074154065695e-08 3.356916074046228e-07 7.309328930442641e-06
-20.881889763779526 8.065382083515917e-09 2.740232504862231e-07 6.6368149879113405e-06
-20.95275590551181 6.298111182897176e-09 2.2310981397146958e-07 6.023222322735469e-06
-21.023622047244096 4.901252788545227e-09 1.8119159636327426e-07 5.463656260996418e-06
-21.094488188976378 3.8011625141178945e-09 1.4677272070284322e-07 4.953605696030206e-06
-21.16535433070866 2.9378857860718303e-09 1.1858690515398509e-07 4.488914915782809e-06
-21.236220472440944 2.262844808890059e-09 9.556639192795213e-08 4.0657573425981964e-06
-21.30708661417323 1.7368578963129019e-09 7.681408736795042e-08 3.680611087570174e-06
-21.37795275590551 1.3284588410965995e-09 6.157884702970821e-08 3.3302361874648415e-06
-21.448818897637796 1.0124827400257384e-09 4.923375319615072e-08 3.011653434624416e-06
-21.519685039370078 7.688850537487749e-10 3.9257175201782814e-08 2.722124672016701e-06
-21.590551181102363 5.817622407939612e-10 3.121637039965182e-08 2.4591344936285713e-06
-21.661417322834644 4.3854466572119124e-10 2.4753370262596465e-08 2.2203732225394816e-06
-21.73228346456693 3.293353019482006e-10 1.9572896883253948e-08 2.003721114274848e-06
-21.803149606299215 2.4637076022870704e-10 1.5432065569499995e-08 1.8072336800438257e-06
-21.874015748031496 1.835841740946866e-10 1.2131645712940358e-08 1.6291280789669893e-06
-21.944881889763778 1.36252328561553e-10 9.508671869545134e-09 1.4677704827371088e-06
-22.015748031496063 1.0071204485651635e-10 7.430218033228425e-09 1.321664376892873e-06
-22.086614173228348 7.413318969098397e-11 5.788169049747761e-09 1.1894397033494071e-06
-22.15748031496063 5.433774915462231e-11 4.4948431416477956e-09 1.0698428181607527e-06
-22.22834645669291 3.965620102838983e-11 3.4793381033324393e-09 9.617271836419786e-07
-22.299212598425196 2.881395312139538e-11 2.6844906325765355e-09 8.640447649029207e-07
-22.37007874015748 2.0841913598479764e-11 2.0643534242966984e-09 7.758380614184915e-07
-22.440944881889763 1.500634919080123e-11 1.5821080950072346e-09 6.962327521074509e-07
-22.511811023622048 1.0754095545680003e-11 1.2083438302733068e-09 6.244308887507457e-07
-22.58267716535433 7.66993644754886e-12 9.196419804379413e-10 5.597046193540042e-07
-22.653543307086615 5.443588520645898e-12 6.974158120482469e-10 5.013903858476464e-07
-22.724409448818896 3.844236086541475e-12 5.269623958241038e-10 4.488835778473037e-07
-22.79527559055118 2.7009752867789346e-12 3.96690312770154e-10 4.016335963074424e-07
-22.866141732283467 1.887863126576793e-12 2.9749261503689576e-10 3.5913931024561087e-07
-22.937007874015748 1.3125391037735041e-12 2.2223940380273223e-10 3.2094486513441717e-07
-23.00787401574803 9.076060129264977e-13 1.6536858800855298e-10 2.866358292282203e-07
-23.078740157480315 6.241318783881772e-13 1.2255695980050026e-10 2.55835642287769e-07
-23.1496062992126 4.2677483345363644e-13 9.045674897518601e-11 2.2820235444526127e-07
-23.22047244094488 2.9014378485724456e-13 6.64853745085473e-11 2.0342562326665872e-07
-23.291338582677163 1.9609542201839876e-13 4.8658261851118955e-11 1.812239591915168e-07
-23.362204724409448 1.3173711289275855e-13 3.545639831116147e-11 1.6134219263131321e-07
-23.433070866141733 8.79592010397172e-14 2.572180596283836e-11 1.4354915318167907e-07
-23.503937007874015 5.836224628202983e-14 1.8575366383749988e-11 1.276355365150403e-07
-23.5748031496063 3.847730967884226e-14 1.3352472486718926e-11 1.13411953299998e-07
-23.645669291338585 2.5202467484270653e-14 9.552843055652518e-12 1.0070713787426926e-07
-23.716535433070867 1.639797197870712e-14 6.80154385654438e-12 8.936631163817112e-08
-23.787401574803148 1.0597133355357638e-14 4.818840066205803e-12 7.924968163564343e-08
-23.858267716535433 6.801109992661e-15 3.396979217091267e-12 7.023107079873852e-08
-23.92913385826772 4.334169055080327e-15 2.3823898415671847e-12 6.219666287170105e-08
-24.0 2.742254008123406e-15 1.662093699860633e-12 5.5043858922487305e-08
