UVLF_prediction_z13.ecsv
# %ECSV 1.0
# ---
# datatype:
# - {name: MUV, unit: mag(AB), datatype: float64}
# - {name: Phi_fiducial, datatype: float64}
# - {name: Phi_sfe, datatype: float64}
# - {name: Phi_sigma, datatype: float64}
# meta: !!omap
# - {Description: 'UVLF predictions at z=13. This includes the 1) Fiducial model 2) increasing SFE=0.95, 3) Increasing sigma_UV=1.8'}
# - Fiducial model parameters: {alpha_sat: 0.8867630869374541, beta: 0.700077045725375, eps0: 0.23318140044525226, gamma: 0.5303124865141149,
#     logMc: 11.969330956585615, logMcut: 11.784692481369536, logMsat: 12.868572017298623, sigma_UV: 0.5343856713984909}
# schema: astropy-2.0
MUV Phi_fiducial Phi_sfe Phi_sigma
-15.0 0.0015223264845263878 0.0075808182602983875 0.0075808182602983875
-15.070866141732283 0.0014052971550097338 0.0070651503867174776 0.0070651503867174776
-15.141732283464567 0.0012965895854943508 0.006581877938718886 0.006581877938718886
-15.21259842519685 0.0011956601256140928 0.006129130646950951 0.006129130646950951
-15.283464566929133 0.0011019974796464373 0.005705136879869497 0.005705136879869497
-15.354330708661417 0.0010151209690146214 0.005308218915860329 0.005308218915860329
-15.4251968503937 0.000934578877984259 0.004936788421270306 0.004936788421270306
-15.496062992125985 0.0008599468790437457 0.004589342126102832 0.004589342126102832
-15.566929133858268 0.0007908265346096618 0.0042644576894513885 0.0042644576894513885
-15.637795275590552 0.0007268438718406852 0.003960789747042833 0.003960789747042833
-15.708661417322835 0.0006676480274744784 0.0036770661335553344 0.0036770661335553344
-15.779527559055119 0.0006129099597208703 0.0034120842726519597 0.0034120842726519597
-15.850393700787402 0.0005623212243511459 0.0031647077279412426 0.0031647077279412426
-15.921259842519685 0.0005155928122181498 0.00293386290833019 0.00293386290833019
-15.992125984251969 0.000472454045527618 0.0027185359214841795 0.0027185359214841795
-16.062992125984252 0.00043265153025975883 0.002517769569341221 0.002517769569341221
-16.133858267716537 0.0003959481622148908 0.0023306604798578384 0.0023306604798578384
-16.20472440944882 0.0003621221842309089 0.002156356369374398 0.002156356369374398
-16.275590551181104 0.00033096629219729173 0.001994053430204339 0.001994053430204339
-16.346456692913385 0.0003022867875700673 0.001842993838244468 0.001842993838244468
-16.41732283464567 0.0002759027741778702 0.001702463375602394 0.001702463375602394
-16.488188976377952 0.00025164539720020935 0.0015717891634242894 0.0015717891634242894
-16.559055118110237 0.0002293571222932521 0.0014503375002905723 0.0014503375002905723
-16.62992125984252 0.00020889105293613134 0.001337511801727464 0.001337511801727464
-16.700787401574804 0.0001901102841673465 0.001232750636558357 0.001232750636558357
-16.771653543307085 0.00017288729097636547 0.0011355258559906916 0.0011355258559906916
-16.84251968503937 0.00015710334970563534 0.0010453408114986364 0.0010453408114986364
-16.913385826771652 0.0001426479909030007 0.0009617286577185225 0.0009617286577185225
-16.984251968503937 0.00012941848214164395 0.0008842507367188407 0.0008842507367188407
-17.055118110236222 0.00011731933939459348 0.0008124950401375711 0.0008124950401375711
-17.125984251968504 0.00010626186561306406 0.0007460747457944751 0.0007460747457944751
-17.19685039370079 9.616371521394153e-05 0.0006846268254850166 0.0006846268254850166
-17.26771653543307 8.694848323209827e-05 0.0006278107207485451 0.0006278107207485451
-17.338582677165356 7.854531793997428e-05 0.0005753070834815503 0.0005753070834815503
-17.409448818897637 7.088855578144744e-05 0.0005268165783493716 0.0005268165783493716
-17.480314960629922 6.391737751114397e-05 0.0004820587440498859 0.0004820587440498859
-17.551181102362204 5.7575484475871405e-05 0.0004407709106195731 0.0004407709106195731
-17.62204724409449 5.1810794022953094e-05 0.00040270717016455815 0.00040270717016455815
-17.69291338582677 4.657515307216748e-05 0.00036763739866465216 0.00036763739866465216
-17.763779527559056 4.182406894385684e-05 0.00033534632684671065 0.00033534632684671065
-17.834645669291337 3.7516456595035725e-05 0.00030563265855416846 0.00030563265855416846
-17.905511811023622 3.3614401476248446e-05 0.0002783082355323966 0.0002783082355323966
-17.976377952755904 3.008293728124921e-05 0.00025319724806520746 0.00025319724806520746
-18.04724409448819 2.6889837915097136e-05 0.00023013549137211307 0.00023013549137211307
-18.118110236220474 2.40054230484675e-05 0.00020896966802687257 0.00020896966802687257
-18.188976377952756 2.1402376651502152e-05 0.00018955673679037026 0.00018955673679037026
-18.25984251968504 1.905557790428067e-05 0.0001717633080742525 0.0001717633080742525
-18.330708661417322 1.694194386024491e-05 0.00015546508569536633 0.00015546508569536633
-18.401574803149607 1.504028319384785e-05 0.00014054635361784905 0.00014054635361784905
-18.47244094488189 1.3331160298836023e-05 0.00012689950504283408 0.00012689950504283408
-18.543307086614174 1.1796768928113768e-05 0.00011442460960200509 0.00011442460960200509
-18.614173228346456 1.0420814493508644e-05 0.00010302901272188262 0.00010302901272188262
-18.68503937007874 9.188404090361367e-06 9.262695969103457e-05 9.262695969103457e-05
-18.755905511811022 8.085943294742201e-06 8.313923585458935e-05 8.313923585458935e-05
-18.826771653543307 7.101038814882959e-06 7.449281393893148e-05 7.449281393893148e-05
-18.89763779527559 6.222406172205583e-06 6.662049997464988e-05 6.662049997464988e-05
-18.968503937007874 5.439781742148466e-06 5.9460570731142796e-05 5.9460570731142796e-05
-19.039370078740156 4.743838691835278e-06 5.295639795626366e-05 5.295639795626366e-05
-19.11023622047244 4.126106592081206e-06 4.7056057831660554e-05 4.7056057831660554e-05
-19.181102362204726 3.578894728862245e-06 4.1711927575685024e-05 4.1711927575685024e-05
-19.251968503937007 3.09521936379068e-06 3.6880274622667766e-05 3.6880274622667766e-05
-19.322834645669293 2.668735364481921e-06 3.252084682078682e-05 3.252084682078682e-05
-19.393700787401574 2.293672719852766e-06 2.8596474203093166e-05 2.8596474203093166e-05
-19.46456692913386 1.9647784581813466e-06 2.5072693792313107e-05 2.5072693792313107e-05
-19.53543307086614 1.6772643958179358e-06 2.1917408458973998e-05 2.1917408458973998e-05
-19.606299212598426 1.4267609736276921e-06 1.91005891131237e-05 1.91005891131237e-05
-19.677165354330707 1.2092772099798592e-06 1.659402670303189e-05 1.659402670303189e-05
-19.748031496062993 1.0211665444858075e-06 1.4371136992862323e-05 1.4371136992862323e-05
-19.818897637795274 8.590980995606806e-07 1.2406817349436191e-05 1.2406817349436191e-05
-19.88976377952756 7.200326784988052e-07 1.067735124760828e-05 1.067735124760828e-05
-19.960629921259844 6.012026731672528e-07 9.16035330479673e-06 9.16035330479673e-06
-20.031496062992126 5.00094985477609e-07 7.834745662466043e-06 7.834745662466043e-06
-20.102362204724407 4.1443607692073323e-07 6.680755584619562e-06 6.680755584619562e-06
-20.173228346456693 3.421783414957928e-07 5.679924229621043e-06 5.679924229621043e-06
-20.244094488188978 2.81487132988444e-07 4.815117531804772e-06 4.815117531804772e-06
-20.31496062992126 2.3072794664830024e-07 4.070531771809694e-06 4.070531771809694e-06
-20.385826771653544 1.8845343558673855e-07 3.4316884426276627e-06 3.4316884426276627e-06
-20.456692913385826 1.533901135190543e-07 2.88541515556889e-06 2.88541515556889e-06
-20.52755905511811 1.2442474213102832e-07 2.4198113377868386e-06 2.4198113377868386e-06
-20.598425196850393 1.0059051345031571e-07 2.02419917380147e-06 2.02419917380147e-06
-20.669291338582678 8.10532111790115e-08 1.6890615330700485e-06 1.6890615330700485e-06
-20.74015748031496 6.50975712242587e-08 1.4059694694291857e-06 1.4059694694291857e-06
-20.811023622047244 5.211406576729982e-08 1.1675022995174624e-06 1.1675022995174624e-06
-20.881889763779526 4.158631460042448e-08 9.671633301586872e-07 9.671633301586872e-07
-20.95275590551181 3.307929040867256e-08 7.992940955628375e-07 7.992940955628375e-07
-21.023622047244096 2.622843908661278e-08 6.589895761589034e-07 6.589895761589034e-07
-21.094488188976378 2.0729788710619846e-08 5.420163870009712e-07 5.420163870009712e-07
-21.16535433070866 1.6331076424657798e-08 4.447354150521027e-07 4.447354150521027e-07
-21.236220472440944 1.2823884469354048e-08 3.6402990263063776e-07 3.6402990263063776e-07
-21.30708661417323 1.0036746514488432e-08 2.972395516307863e-07 2.972395516307863e-07
-21.37795275590551 7.829163694096696e-09 2.4210087622740593e-07 2.4210087622740593e-07
-21.448818897637796 6.08645573182412e-09 1.9669376441496318e-07 1.9669376441496318e-07
-21.519685039370078 4.7153651786641625e-09 1.593940160055164e-07 1.593940160055164e-07
-21.590551181102363 3.6403307191968456e-09 1.2883149664297355e-07 1.2883149664297355e-07
-21.661417322834644 2.8003473692106528e-09 1.0385347181444518e-07 1.0385347181444518e-07
-21.73228346456693 2.1463359459037096e-09 8.349264949827644e-08 8.349264949827644e-08
-21.803149606299215 1.6389504018025202e-09 6.693945387370815e-08 6.693945387370815e-08
-21.874015748031496 1.246758662247074e-09 5.351806613034272e-08 5.351806613034272e-08
-21.944881889763778 9.447398951523868e-10 4.266579453494425e-08 4.266579453494425e-08
-22.015748031496063 7.130482633444413e-10 3.391536907071782e-08 3.391536907071782e-08
-22.086614173228348 5.359999039175623e-10 2.6879792281303612e-08 2.6879792281303612e-08
-22.15748031496063 4.0124600223991613e-10 2.1239414824936484e-08 2.1239414824936484e-08
-22.22834645669291 2.991003166334589e-10 1.67309400082437e-08 1.67309400082437e-08
-22.299212598425196 2.2199435442512988e-10 1.3138095256683685e-08 1.3138095256683685e-08
-22.37007874015748 1.6403762637796715e-10 1.028373958316687e-08 1.028373958316687e-08
-22.440944881889763 1.2066405897609104e-10 8.023204437422648e-09 8.023204437422648e-09
-22.511811023622048 8.834877681071336e-11 6.238690851185633e-09 6.238690851185633e-09
-22.58267716535433 6.438213731893002e-11 4.834568640583538e-09 4.834568640583538e-09
-22.653543307086615 4.669016333314838e-11 3.733443755403611e-09 3.733443755403611e-09
-22.724409448818896 3.3692427899900937e-11 2.8728778677004047e-09 2.8728778677004047e-09
-22.79527559055118 2.419004868252576e-11 2.202660173890186e-09 2.202660173890186e-09
-22.866141732283467 1.7277789315253143e-11 1.6825453451201221e-09 1.6825453451201221e-09
-22.937007874015748 1.227538064842079e-11 1.280383793226821e-09 1.280383793226821e-09
-23.00787401574803 8.674099657344347e-12 9.705811033164766e-10 9.705811033164766e-10
-23.078740157480315 6.095407227794886e-12 7.328327866528611e-10 7.328327866528611e-10
-23.1496062992126 4.259073624858663e-12 5.510885819254931e-10 5.510885819254931e-10
-23.22047244094488 2.9587340968880983e-12 4.1270751988180647e-10 4.1270751988180647e-10
-23.291338582677163 2.0432356038367436e-12 3.077709924132079e-10 3.077709924132079e-10
-23.362204724409448 1.4024751847231496e-12 2.2852624827066191e-10 2.2852624827066191e-10
-23.433070866141733 9.56704614561779e-13 1.6893717718241223e-10 1.6893717718241223e-10
-23.503937007874015 6.484962894130879e-13 1.243230358020123e-10 1.243230358020123e-10
-23.5748031496063 4.3674145279764206e-13 9.10689958202989e-11 9.10689958202989e-11
-23.645669291338585 2.9219204884931105e-13 6.639513166278711e-11 6.639513166278711e-11
-23.716535433070867 1.9416846275218607e-13 4.817277802177008e-11 4.817277802177008e-11
-23.787401574803148 1.2814277556324324e-13 3.4779135093544414e-11 3.4779135093544414e-11
-23.858267716535433 8.397560369960663e-14 2.498263308338417e-11 2.498263308338417e-11
-23.92913385826772 5.463787960620472e-14 1.785293284748029e-11 1.785293284748029e-11
-24.0 3.5290197268111654e-14 1.2690575993800005e-11 1.2690575993800005e-11
