UVLF_prediction_z17.ecsv
# %ECSV 1.0
# ---
# datatype:
# - {name: MUV, unit: mag(AB), datatype: float64}
# - {name: Phi_fiducial, datatype: float64}
# - {name: Phi_sfe, datatype: float64}
# - {name: Phi_sigma, datatype: float64}
# meta: !!omap
# - {Description: 'UVLF predictions at z=17. This includes the 1) Fiducial model 2) increasing SFE=1, 3) Increasing sigma_UV=2'}
# - Fiducial model parameters: {alpha_sat: 0.8867630869374541, beta: 0.700077045725375, eps0: 0.23318140044525226, gamma: 0.5303124865141149,
#     logMc: 11.969330956585615, logMcut: 11.784692481369536, logMsat: 12.868572017298623, sigma_UV: 0.5343856713984909}
# schema: astropy-2.0
MUV Phi_fiducial Phi_sfe Phi_sigma
-15.0 5.6126357537689557e-05 0.0005288382078316009 0.000974411994915865
-15.070866141732283 5.0333343928254915e-05 0.0004812774874888304 0.0009014501196877361
-15.141732283464567 4.5103347683225165e-05 0.0004377250837641241 0.0008336851347560597
-15.21259842519685 4.0385124694374415e-05 0.0003978661366282178 0.0007707665254885356
-15.283464566929133 3.6131768469181854e-05 0.0003614086793773026 0.0007123660464782852
-15.354330708661417 3.230037169399793e-05 0.0003280821111358557 0.0006581763967246962
-15.4251968503937 2.8851711860918423e-05 0.0002976357619185831 0.000607909968208761
-15.496062992125985 2.5749959421685978e-05 0.0002698375452163119 0.0005612976639381603
-15.566929133858268 2.2962407018433248e-05 0.00024447269331360176 0.0005180877820133253
-15.637795275590552 2.0459218423412144e-05 0.00022134257077942331 0.00047804496230924017
-15.708661417322835 1.8213195898139236e-05 0.00020026356179479702 0.0004409491924801392
-15.779527559055119 1.619956475685423e-05 0.00018106602719503782 0.00040659487021425924
-15.850393700787402 1.4395773989908931e-05 0.00016359332730794617 0.00037478991879722655
-15.921259842519685 1.2781311869980838e-05 0.00014770090686477922 0.00034535495323509543
-15.992125984251969 1.1337535527804456e-05 0.0001332554384470868 0.0003181224941877149
-16.062992125984252 1.0047513544737946e-05 0.00012013402111114217 0.0002929362271825219
-16.133858267716537 8.895880666901695e-06 0.00010822343100197473 0.00026965030485149894
-16.20472440944882 7.868703800148022e-06 9.74194209318898e-05 0.0002481286895997984
-16.275590551181104 6.953358496656551e-06 8.762606605403764e-05 0.00022824453488356773
-16.346456692913385 6.138415192814908e-06 7.875515291011237e-05 0.00020987960267453333
-16.41732283464567 5.413534504186676e-06 7.072560927302507e-05 0.00019292371544598618
-16.488188976377952 4.769370927067683e-06 6.346297234097318e-05 0.00017727424049570606
-16.559055118110237 4.197484337333813e-06 5.689889296834146e-05 0.00016283560518333943
-16.62992125984252 3.6902587162931113e-06 5.097067374225747e-05 0.00014951884101691658
-16.700787401574804 3.2408275700231606e-06 4.562083883100721e-05 0.00013724115527437755
-16.771653543307085 2.843005543452647e-06 4.079673364265142e-05 0.000125925528530692
-16.84251968503937 2.491225763258872e-06 3.645015243888321e-05 0.00011550033652891487
-16.913385826771652 2.180482474642694e-06 3.25369921508513e-05 0.00010589899525661338
-16.984251968503937 1.9062785663072572e-06 2.9016930740558055e-05 9.705962773409747e-05
-17.055118110236222 1.6645776055678127e-06 2.5853128543591605e-05 8.892475135755788e-05
-17.125984251968504 1.4517600315542219e-06 2.301195111672193e-05 8.144098460350739e-05
-17.19685039370079 1.2645831789923663e-06 2.04627121973761e-05 7.455877201565793e-05
-17.26771653543307 1.100144828123807e-06 1.8177435461454916e-05 6.823212638126963e-05
-17.338582677165356 9.558499980128602e-07 1.6130633841599754e-05 6.241838714100565e-05
-17.409448818897637 8.29380720835283e-07 1.4299105239970831e-05 5.707799404596501e-05
-17.480314960629922 7.18668553818609e-07 1.2661743538248074e-05 5.217427520216859e-05
-17.551181102362204 6.218696033499803e-07 1.1199363872899936e-05 4.767324866757407e-05
-17.62204724409449 5.373418524612213e-07 9.89454120621365e-06 4.354343673829923e-05
-17.69291338582677 4.6362459848865253e-07 8.731461283100887e-06 3.975569225514299e-05
-17.763779527559056 3.994198222597737e-07 7.695783120559418e-06 3.6283036119559544e-05
-17.834645669291337 3.435753237385854e-07 6.774512230803969e-06 3.310050546947761e-05
-17.905511811023622 2.950694717173872e-07 5.9558838304814095e-06 3.0185011714965884e-05
-17.976377952755904 2.5299742694079074e-07 5.229255336890436e-06 2.7515207978948377e-05
-18.04724409448819 2.165587090240688e-07 4.585007497452545e-06 2.5071365272099383e-05
-18.118110236220474 1.8504598773875406e-07 4.014453540537482e-06 2.283525694245701e-05
-18.188976377952756 1.5783498871449362e-07 3.5097557738365473e-06 2.0790050785267294e-05
-18.25984251968504 1.3437541239903923e-07 3.063849090554387e-06 1.8920208490068903e-05
-18.330708661417322 1.1418277325744539e-07 2.6703708737949332e-06 1.7211391781630736e-05
-18.401574803149607 9.683107373078334e-08 2.323596815881545e-06 1.5650375034389568e-05
-18.47244094488189 8.194623445427129e-08 2.018382192677811e-06 1.422496375113907e-05
-18.543307086614174 6.92002087099532e-08 1.7501081542783699e-06 1.2923918728362535e-05
-18.614173228346456 5.8305715112471005e-08 1.5146326140600644e-06 1.1736885367110556e-05
-18.68503937007874 4.901152815067398e-08 1.3082453395813948e-06 1.065432796790476e-05
-18.755905511811022 4.1098271479588485e-08 1.127626872579394e-06 9.667468516945472e-06
-18.826771653543307 3.4374663816414046e-08 9.698109325347013e-07 8.768229853714736e-06
-18.89763779527559 2.8674171960881637e-08 8.321499894034205e-07 7.949182748169624e-06
-18.968503937007874 2.38520298447096e-08 7.12283725919337e-07 7.203496815219967e-06
-19.039370078740156 1.9782586606655336e-08 6.081101471615562e-07 6.524894840068467e-06
-19.11023622047244 1.6356950468379487e-08 5.17759132903919e-07 5.907610447013857e-06
-19.181102362204726 1.3480898624202662e-08 4.395682641013479e-07 5.346348748746372e-06
-19.251968503937007 1.107302643014751e-08 3.7206078602722867e-07 4.836249892654005e-06
-19.322834645669293 9.063111868305596e-09 3.139255946537106e-07 4.372855217894147e-06
-19.393700787401574 7.390673574328337e-09 2.6399914819291304e-07 3.952075923258337e-06
-19.46456692913386 6.00370267305539e-09 2.2124921167515905e-07 3.570163998415401e-06
-19.53543307086614 4.857550314199464e-09 1.8476033967191903e-07 3.223685339540526e-06
-19.606299212598426 3.913954201792251e-09 1.5372099256314623e-07 2.9094948313714873e-06
-19.677165354330707 3.1401886394803555e-09 1.2741216782794157e-07 2.6247133159592912e-06
-19.748031496062993 2.50832374409796e-09 1.0519741289682767e-07 2.3667062658309786e-06
-19.818897637795274 1.994580575462687e-09 8.651407331122099e-08 2.1330640895834884e-06
-19.88976377952756 1.578770038727868e-09 7.086562195937715e-08 1.9215839129871026e-06
-19.960629921259844 1.2438045604772537e-09 5.781491375868763e-08 1.7302527635329204e-06
-20.031496062992126 9.752727221071994e-10 4.6978216010462506e-08 1.557232034517639e-06
-20.102362204724407 7.610682340598433e-10 3.801987732750914e-08 1.400843158625147e-06
-20.173228346456693 5.910658179324489e-10 3.064751616379197e-08 1.2595543772065604e-06
-20.244094488188978 4.5683768997249676e-10 2.460763156790302e-08 1.1319685583481248e-06
-20.31496062992126 3.5140536934181097e-10 1.968156158539299e-08 1.0168119509141538e-06
-20.385826771653544 2.690224367368514e-10 1.5681736605405033e-08 9.129238425602387e-07
-20.456692913385826 2.0498462422094925e-10 1.244819412137751e-08 8.192470222903412e-07
-20.52755905511811 1.55464220790666e-10 9.845336675877787e-09 7.348190137539606e-07
-20.598425196850393 1.173662380892899e-10 7.758925633480653e-09 6.587640011757383e-07
-20.669291338582678 8.820411571510713e-11 6.0933099239851084e-09 5.902854143896377e-07
-20.74015748031496 6.599298068924692e-11 4.768891533999078e-09 5.286591043075134e-07
-20.811023622047244 4.9158638385526004e-11 3.7198291207136027e-09 4.7322708457443553e-07
-20.881889763779526 3.6460588907855233e-11 2.891978633097189e-09 4.2339177378929887e-07
-20.95275590551181 2.692745580753885e-11 2.241066189388865e-09 3.786107228103326e-07
-21.023622047244096 1.9803300023450157e-11 1.7310844903507892e-09 3.3839176726669987e-07
-21.094488188976378 1.4503382003824036e-11 1.332900364402247e-09 3.022885937229536e-07
-21.16535433070866 1.0578034576010916e-11 1.023058054393198e-09 2.698966659301427e-07
-21.236220472440944 7.683419425968536e-12 7.827607762308259e-10 2.408495037230107e-07
-21.30708661417323 5.558059037424006e-12 5.970119528661951e-10 2.1481526796337424e-07
-21.37795275590551 4.004159820578452e-12 4.538972809120131e-10 1.914936421314326e-07
-21.448818897637796 2.8728665532002916e-12 3.43989275202657e-10 1.7061297414074035e-07
-21.519685039370078 2.0527088675992944e-12 2.598569803426986e-10 1.5192767122066215e-07
-21.590551181102363 1.460613853182864e-12 1.956649565381687e-10 1.352158113805168e-07
-21.661417322834644 1.034962348724466e-12 1.4684727635386308e-10 1.2027697016576237e-07
-21.73228346456693 7.302586611005898e-13 1.0984397562036099e-10 1.0693023010179803e-07
-21.803149606299215 5.130636794522658e-13 8.188908354289647e-11 9.501237156554297e-08
-21.874015748031496 3.5890981329478766e-13 6.08409446531681e-11 8.437621673159345e-08
-21.944881889763778 2.499735704302313e-13 4.5046995010653866e-11 7.488912673837637e-08
-22.015748031496063 1.73328944312138e-13 3.323644590123142e-11 6.643162734136522e-08
-22.086614173228348 1.1964331668125838e-13 2.443545423548514e-11 5.889616243285902e-08
-22.15748031496063 8.220855755977335e-14 1.7900325123886043e-11 5.218595619215388e-08
-22.22834645669291 5.6224633874864103e-14 1.3065110211062952e-11 4.6213981916801896e-08
-22.299212598425196 3.827243444584767e-14 9.50065052681311e-12 4.0902021398346785e-08
-22.37007874015748 2.5927659727161104e-14 6.882681143562401e-12 3.617981376076207e-08
-22.440944881889763 1.7479356606846364e-14 4.967083142844691e-12 3.198427984775337e-08
-22.511811023622048 1.1725700608790571e-14 3.570751394311406e-12 2.8258820992635486e-08
-22.58267716535433 7.826525250919541e-15 2.5568581835699674e-12 2.4952681042831104e-08
-22.653543307086615 5.19733709854047e-15 1.823544818655667e-12 2.202036965724866e-08
-22.724409448818896 3.4335126524330387e-15 1.2952763727402066e-12 1.9421138751630045e-08
-22.79527559055118 2.2563462974026036e-15 9.162575237630899e-13 1.711850981054364e-08
-22.866141732283467 1.4748401780036757e-15 6.454374381518672e-13 1.507984446511269e-08
-22.937007874015748 9.587786224452813e-16 4.5273501244107413e-13 1.3275958211848443e-08
-23.00787401574803 6.198509642777438e-16 3.1619764723632834e-13 1.1680769172997033e-08
-23.078740157480315 3.984854460684925e-16 2.1987129751369336e-13 1.027098300894509e-08
-23.1496062992126 2.547146313038108e-16 1.522102696678218e-13 9.025806225651445e-09
-23.22047244094488 1.6187167915881388e-16 1.0489491986547178e-13 7.926689798445014e-09
-23.291338582677163 1.0226382436105851e-16 7.195633198351764e-14 6.957095900248337e-09
-23.362204724409448 6.421926307052444e-17 4.9131045924484676e-14 6.1022895541137606e-09
-23.433070866141733 4.008279601363935e-17 3.3387445099951866e-14 5.349149197729813e-09
-23.503937007874015 2.486318164694161e-17 2.257967427656588e-14 4.685998033566604e-09
-23.5748031496063 1.5325595786338565e-17 1.5195883473281023e-14 4.102450541371447e-09
-23.645669291338585 9.386318825500902e-18 1.0175924414988902e-14 3.58927611246802e-09
-23.716535433070867 5.711434459948564e-18 6.7799518789515965e-15 3.138275027326026e-09
-23.787401574803148 3.4523999979940702e-18 4.494161691785696e-15 2.7421684568139245e-09
-23.858267716535433 2.0728912491601663e-18 2.963493448334262e-15 2.394498709452486e-09
-23.92913385826772 1.236130531243356e-18 1.943818097986111e-15 2.089540536293705e-09
-24.0 7.32043473260079e-19 1.2681369036129113e-15 1.8222210089237233e-09
