UVLF_best-fit-model_z5.4.ecsv
# %ECSV 1.0
# ---
# datatype:
# - {name: MUV, unit: mag(AB), datatype: float64}
# - {name: Phi_16, unit: 1 / (mag Mpc3), datatype: float64}
# - {name: Phi_50, unit: 1 / (mag Mpc3), datatype: float64}
# - {name: Phi_84, unit: 1 / (mag Mpc3), datatype: float64}
# meta: !!omap
# - {Description: Best fit UVLF at z~5.4}
# schema: astropy-2.0
MUV Phi_16 Phi_50 Phi_84
[from data line 193]
-21.676470588235293 4.882213036187902e-05 5.6358954241310763e-05 6.549993272646112e-05
-21.705882352941178 4.553047300345079e-05 5.274351369906405e-05 6.1266930108517e-05
-21.735294117647058 4.228659563736485e-05 4.9170502653099555e-05 5.706625071391764e-05
-21.764705882352942 3.946171205027692e-05 4.5969565651451846e-05 5.3149021124028933e-05
-21.794117647058822 3.663682846318934e-05 4.276862864980453e-05 4.9231791534140705e-05
-21.823529411764707 3.4131733316461e-05 3.988497738482854e-05 4.58339482600029e-05
-21.852941176470587 3.163974425335427e-05 3.701432963365094e-05 4.245739131028155e-05
-21.88235294117647 2.9409474850333868e-05 3.439228755763548e-05 3.957272773522672e-05
-21.911764705882355 2.723708575675571e-05 3.1825225582857896e-05 3.679684827187711e-05
-21.941176470588236 2.5223712522290632e-05 2.9534677943055957e-05 3.4157717976083173e-05
-21.970588235294116 2.3286149174146763e-05 2.7375956904812e-05 3.1583782050867925e-05
-22.0 2.15071125494799e-05 2.5352605693405374e-05 2.9206047154739163e-05
-22.029411764705884 1.9865621170183013e-05 2.3446707714107846e-05 2.6998545504435722e-05
-22.058823529411764 1.830312549426284e-05 2.1636015765877594e-05 2.4924081184293904e-05
-22.088235294117645 1.6862283201542484e-05 1.9971941105490584e-05 2.3054494352600556e-05
-22.11764705882353 1.546138752515456e-05 1.8364377112881543e-05 2.126096979255695e-05
-22.147058823529413 1.4179083366004081e-05 1.6924579165238977e-05 1.96932551014742e-05
-22.176470588235293 1.2913847184854543e-05 1.5508032968969732e-05 1.814944898085593e-05
-22.205882352941178 1.1786373968996936e-05 1.4279161623069373e-05 1.679861917898501e-05
-22.235294117647058 1.0658900753139466e-05 1.305029027716916e-05 1.544778937711426e-05
-22.264705882352942 9.72126571426644e-06 1.1991246213867707e-05 1.4256028977570948e-05
-22.294117647058822 8.78980427464506e-06 1.0937724989024883e-05 1.3069441566721365e-05
-22.323529411764707 7.986654102368067e-06 1.0016960105994191e-05 1.2014031468863431e-05
-22.352941176470587 7.210388195630016e-06 9.124010837438558e-06 1.0986106141346762e-05
-22.38235294117647 6.490145519380949e-06 8.331857095260418e-06 1.0097897896510172e-05
-22.411764705882355 5.795660650253299e-06 7.586046123830602e-06 9.273927390836894e-06
-22.441176470588236 5.167900129456575e-06 6.900881409036904e-06 8.514186510223154e-06
-22.470588235294116 4.596226742039388e-06 6.26669470706768e-06 7.80843574922458e-06
-22.5 4.071601405765282e-06 5.675625033133873e-06 7.145300487112619e-06
-22.529411764705884 3.617086890802536e-06 5.148808185292171e-06 6.545670674322012e-06
-22.558823529411764 3.1921943400243043e-06 4.64703187291401e-06 5.973163029256018e-06
-22.588235294117645 2.8516795054078487e-06 4.2165831464014894e-06 5.477912468011421e-06
-22.61764705882353 2.5165838754376236e-06 3.7959067928881344e-06 4.993695331090175e-06
-22.647058823529413 2.221951640159555e-06 3.448197491102258e-06 4.591861095783722e-06
-22.676470588235293 1.9273194048815223e-06 3.1004881893164236e-06 4.190026860477318e-06
-22.705882352941178 1.704595403007963e-06 2.814213031785474e-06 3.848524353619538e-06
-22.735294117647058 1.483611116458732e-06 2.5294241841962088e-06 3.5084814853532983e-06
-22.764705882352942 1.2871590928217452e-06 2.276096476422096e-06 3.2183097137227835e-06
-22.794117647058822 1.0955672344787209e-06 2.029001635969889e-06 2.938018065010707e-06
-22.823529411764707 9.439378344507335e-07 1.8218641208170412e-06 2.6807461757741804e-06
-22.852941176470587 8.100190693578534e-07 1.6324349657400892e-06 2.4336762253961854e-06
-22.88235294117647 6.914565088154179e-07 1.4640869247138985e-06 2.213038730781923e-06
-22.911764705882355 5.853982862640764e-07 1.3129049337004951e-06 2.013924807289589e-06
-22.941176470588236 4.931182858160355e-07 1.172206932659831e-06 1.8278045651155133e-06
-22.970588235294116 4.2071072109389295e-07 1.0466300710029009e-06 1.6604252094581234e-06
-23.0 3.5305370937571264e-07 9.288728168380506e-07 1.5013204095061892e-06
-23.029411764705884 2.9839085734486973e-07 8.325044890486449e-07 1.3648489531015953e-06
-23.058823529411764 2.4601299596342716e-07 7.384135964094357e-07 1.2318342300119898e-06
-23.088235294117645 2.0948725721216138e-07 6.601224101246407e-07 1.1228005942950164e-06
-23.11764705882353 1.7296151846089123e-07 5.818312238398364e-07 1.0137669585780298e-06
-23.147058823529413 1.463083860968866e-07 5.204701286752988e-07 9.234910659491555e-07
-23.176470588235293 1.1981321543508213e-07 4.5937991496869396e-07 8.335152972097032e-07
-23.205882352941178 9.912181390444888e-08 4.0886766726056723e-07 7.543913116457009e-07
-23.235294117647058 7.95152290338511e-08 3.603326094587062e-07 6.772956967687109e-07
-23.264705882352942 6.520505126345509e-08 3.197021181465102e-07 6.112975152917998e-07
-23.294117647058822 5.31562607942719e-08 2.8244661027934774e-07 5.500375638059463e-07
-23.323529411764707 4.3345962533671663e-08 2.4926813102097265e-07 4.957678875045196e-07
-23.352941176470587 3.530123559251962e-08 2.1930533629911385e-07 4.470116676865973e-07
-23.38235294117647 2.845384618509613e-08 1.9221942010096217e-07 4.0195624148132176e-07
-23.411764705882355 2.327821107005003e-08 1.691502776906338e-07 3.6206796107484513e-07
-23.441176470588236 1.8547596834590277e-08 1.4744010846055087e-07 3.2426494313302314e-07
-23.470588235294116 1.4986751768327315e-08 1.2930209730424882e-07 2.9194318652685224e-07
-23.5 1.159352080852412e-08 1.1173643382490794e-07 2.6053584113327833e-07
