UVLF_best-fit-model_z7.3.ecsv
# %ECSV 1.0
# ---
# datatype:
# - {name: MUV, unit: mag(AB), datatype: float64}
# - {name: Phi_16, unit: 1 / (mag Mpc3), datatype: float64}
# - {name: Phi_50, unit: 1 / (mag Mpc3), datatype: float64}
# - {name: Phi_84, unit: 1 / (mag Mpc3), datatype: float64}
# meta: !!omap
# - {Description: Best fit UVLF at z~7.3}
# schema: astropy-2.0
MUV Phi_16 Phi_50 Phi_84
-16.0 0.009126998679046596 0.01201811547276834 0.016148116629909948
-16.029411764705884 0.008957041238450548 0.011764274976961192 0.015777472910031887
-16.058823529411764 0.00878708379785452 0.011510434481154077 0.015406829190153874
-16.08823529411765 0.008619101843149712 0.011276312826214187 0.015055196593246747
-16.11764705882353 0.008451446115472838 0.011045447493619376 0.014706703447839448
-16.147058823529413 0.008289814055102727 0.010820245451066034 0.014371806657525235
-16.176470588235293 0.008130564983996858 0.010597283830946715 0.014042288645050102
-16.205882352941178 0.007974200568123908 0.010379202750811724 0.013721054327284214
-16.235294117647058 0.007819970006806847 0.010164731933130937 0.013405947674097834
-16.264705882352942 0.007667410533729131 0.009952366972126368 0.013099788797245326
-16.294117647058822 0.0075170386670738686 0.009742758768952543 0.012805343373048153
-16.323529411764707 0.007367812533765635 0.009534816100241048 0.012511114214927295
-16.352941176470587 0.007221373319409691 0.009330924731573145 0.012217411109424623
-16.38235294117647 0.007075574294243883 0.009128323059536307 0.011925583622241014
-16.41176470588235 0.006933414239211598 0.008933052294665683 0.01164441754445019
-16.441176470588236 0.006791321734859715 0.008737890552594855 0.011363425918715446
-16.470588235294116 0.006657740616240705 0.00855646568330119 0.011104415252050902
-16.5 0.006524159497621677 0.008375040814007499 0.01084540458538633
-16.529411764705884 0.006390629679470795 0.008195651863672913 0.010594952594067526
-16.558823529411764 0.006257107789574097 0.0080165775553593 0.010345823307120371
-16.58823529411765 0.006128140786881204 0.0078449713217275 0.010096829966170588
-16.61764705882353 0.006000906621711521 0.007676206203463808 0.009847888343806802
-16.647058823529413 0.005878896312940904 0.0075084425644986845 0.00961108700971979
-16.676470588235293 0.005760627414834508 0.007341396201247435 0.009382980746966195
-16.705882352941178 0.005644953733176908 0.007180843334586189 0.009160598196160122
-16.735294117647058 0.00553257041523121 0.007028523293958737 0.008945472494430435
-16.764705882352942 0.005420792515387303 0.006877548160839725 0.008733372140062342
-16.794117647058822 0.005310432568466058 0.006729722942674753 0.008528357467672804
-16.823529411764707 0.005200151090218674 0.006582429233758335 0.008324904625407907
-16.852941176470587 0.005090289419376521 0.006437979099321789 0.00812980757430999
-16.88235294117647 0.004980535882590892 0.006293629376552339 0.007934801595332167
-16.91176470588235 0.004877540724338826 0.006155555382977369 0.0077454876238616955
-16.941176470588236 0.004774545566086748 0.006017481389402382 0.007556173652391201
-16.970588235294116 0.0046745023955142755 0.005880349041552055 0.00737460020031726
-17.0 0.00457488473667939 0.005743352426418778 0.007194142498786941
-17.029411764705884 0.004478761938724302 0.00561279247890105 0.007021815388538379
-17.058823529411764 0.00438391683184356 0.005484585721694398 0.006852460752521877
-17.08823529411765 0.00429133523760909 0.005362275585351103 0.006687383764224133
-17.11764705882353 0.00420032301214272 0.005244053772806427 0.006525272611678094
-17.147058823529413 0.004111098950758349 0.005127003637757138 0.006365664135623984
-17.176470588235293 0.004024070880351897 0.005011392404895197 0.006209129121928427
-17.205882352941178 0.003938177869073627 0.004897211331165698 0.006055110079044159
-17.235294117647058 0.0038548460168538537 0.004786257283170983 0.005906768098503372
-17.264705882352942 0.00377195105035694 0.004675895751212241 0.005759983800400665
-17.294117647058822 0.0036912613165564273 0.004568525014482782 0.00562106208984266
-17.323529411764707 0.003610716691107998 0.00446130838870254 0.005482213565084867
-17.352941176470587 0.003536169877546123 0.004360461682157228 0.005346390053403246
-17.38235294117647 0.0034616230639842394 0.004259614975611902 0.005210566541721608
-17.41176470588235 0.0033906527209500406 0.004162114904465888 0.0050852483320647365
-17.441176470588236 0.0033201613695043614 0.004065063043417983 0.004961337082500451
-17.470588235294116 0.0032498197886015948 0.003970285012951175 0.00483946523532481
-17.5 0.0031795307867192005 0.0038763052421564403 0.0047183093485621865
-17.529411764705884 0.0031089801081586616 0.003785214742289107 0.004600892535365312
-17.558823529411764 0.0030382538307746404 0.0036960630952809614 0.004485984837324415
-17.58823529411765 0.002969891994450494 0.0036094864988231445 0.004373381164368052
-17.61764705882353 0.0029043430276631133 0.0035259733245717752 0.004263518486770909
-17.647058823529413 0.0028394595966233947 0.003443230822979535 0.00415628538798139
-17.676470588235293 0.0027760237058348657 0.0033621645344209306 0.004054771623098495
-17.705882352941178 0.002713226963302591 0.003281297349060255 0.0039538443951018425
-17.735294117647058 0.0026534807010843015 0.003201380428962477 0.0038557165476986854
-17.764705882352942 0.002593811142892585 0.003121657114906481 0.003757673053275948
-17.794117647058822 0.002536500233518227 0.003047887186635609 0.0036622234130014803
-17.823529411764707 0.0024791893241438625 0.002974117258364728 0.003566773772727001
-17.852941176470587 0.0024222590780405774 0.0029044537709736404 0.0034763429226092823
-17.88235294117647 0.00236537599375848 0.00283529904616942 0.0033865338695021232
-17.91176470588235 0.0023085408777922677 0.0027671477218774924 0.0033002762058047135
-17.941176470588236 0.0022517219195745553 0.002699334385126536 0.003215214799592679
-17.970588235294116 0.002198969959528576 0.0026352386150839693 0.0031308336938818803
-18.0 0.0021488589073863085 0.0025735568493974867 0.0030468943417432956
-18.029411764705884 0.002099498301765077 0.0025118837294637584 0.0029644530563338756
-18.058823529411764 0.0020510026175579255 0.002450220574126432 0.002883738356307231
-18.08823529411765 0.0020021406683212385 0.0023895198150519635 0.0028040663087071194
-18.11764705882353 0.0019525104558518857 0.002330837740821561 0.0027265812881480567
-18.147058823529413 0.0019038469756640752 0.0022722485405969753 0.0026506567063973494
-18.176470588235293 0.0018595548066624012 0.0022140792923987314 0.002581788021867081
-18.205882352941178 0.0018153021522931267 0.0021560733302369043 0.0025129977968416707
-18.235294117647058 0.0017720136549545394 0.002102051547363808 0.002446121983735025
-18.264705882352942 0.0017287251576159472 0.002048029764490706 0.0023792461706283715
-18.294117647058822 0.001689270180765017 0.001996430412299249 0.002315493083958644
-18.323529411764707 0.0016502523597591657 0.0019451073022030605 0.0022520960976720656
-18.352941176470587 0.0016089657458046053 0.0018965061961111395 0.0021896908251097203
-18.38235294117647 0.0015669465007936846 0.001848784070478922 0.0021276057934374827
-18.41176470588235 0.0015273579489284079 0.00180146624659663 0.0020683462525642117
-18.441176470588236 0.0014892963709623101 0.0017544024071469743 0.002010861699500537
-18.470588235294116 0.001452677729047344 0.0017086183172483054 0.001955113780949006
-18.5 0.0014176703657227993 0.0016642632810148932 0.0019013051042693554
-18.529411764705884 0.0013826057450683766 0.001620858737640723 0.0018484011048392197
-18.558823529411764 0.0013474252464844429 0.0015793778107674036 0.0017973279998426321
-18.58823529411765 0.0013127149171570664 0.001537835475911837 0.0017465585014637525
-18.61764705882353 0.0012800223975557694 0.0014960295984658197 0.001697091981485902
-18.647058823529413 0.0012472590441056518 0.0014543156092232637 0.0016477869823961987
-18.676470588235293 0.0012130672080377404 0.0014144546987506141 0.0016017393212175847
-18.705882352941178 0.001178875371969825 0.0013745937882779595 0.0015556916600389648
-18.735294117647058 0.0011461473364835712 0.0013366769453051599 0.0015124069348912447
-18.764705882352942 0.0011135720454058342 0.0012989629615497312 0.00146941051611196
-18.794117647058822 0.0010830446115052167 0.0012617727994788293 0.0014265779825059172
-18.823529411764707 0.0010531505354944247 0.001224744644114476 0.0013837961350359218
-18.852941176470587 0.0010236351585650465 0.0011884306350479167 0.0013428314400029313
-18.88235294117647 0.0009943498772800657 0.001152550537655959 0.0013029708375898853
-18.91176470588235 0.0009651078726316764 0.0011176731941387858 0.0012640697601200295
-18.941176470588236 0.0009359126918851658 0.0010838807974369446 0.0012262068571788614
-18.970588235294116 0.0009073314382388606 0.0010500573340117717 0.0011882855968546084
-19.0 0.00087994948404411 0.0010161731821037997 0.0011502503360610592
-19.029411764705884 0.0008526766524752071 0.0009827010233579446 0.001112594479307442
-19.058823529411764 0.0008258490412197668 0.0009509097967135311 0.001076486591036752
-19.08823529411765 0.0007990291857622926 0.0009191687044283952 0.0010404040376108727
-19.11764705882353 0.0007723422868414401 0.0008882870583023745 0.0010047557958104006
-19.147058823529413 0.0007456553879205842 0.0008574054121763501 0.0009691075540099242
-19.176470588235293 0.0007209637493986451 0.0008280158005197391 0.0009344032692390885
-19.205882352941178 0.0006964613166041862 0.0007987676748903963 0.000899788497634852
-19.235294117647058 0.0006730830343170647 0.0007701245254123746 0.0008666194525069802
-19.264705882352942 0.000650037408812723 0.0007416603994893313 0.0008338782243976193
-19.294117647058822 0.0006273381543674253 0.0007144089577511241 0.0008017492040772052
-19.323529411764707 0.0006048423929193115 0.0006878699679715032 0.0007699798558327911
-19.352941176470587 0.0005827998226906654 0.0006622147298133539 0.0007392422794179431
-19.38235294117647 0.0005612323722888753 0.0006374860054519026 0.0007095863992760199
-19.41176470588235 0.0005403911282505242 0.0006130447853741622 0.0006805756462418574
-19.441176470588236 0.0005209197734886536 0.0005891459029225045 0.0006527818375245975
-19.470588235294116 0.0005016705310890337 0.0005657599164251689 0.000625519719830544
-19.5 0.0004832841097889159 0.0005443663334426878 0.0006003230172650848
-19.529411764705884 0.00046494481075114586 0.0005230249943632118 0.0005752673059803641
-19.558823529411764 0.00044730645536580004 0.0005024607833409378 0.0005523088399966299
-19.58823529411765 0.0004296680999804521 0.00048189657231866153 0.000529350374012893
-19.61764705882353 0.000412816581032722 0.0004620066303194763 0.0005070308577384725
-19.647058823529413 0.00039603231306256377 0.00044217431815132184 0.00048476595255031544
-19.676470588235293 0.0003801895963109749 0.0004235235155484926 0.0004640002744413533
-19.705882352941178 0.00036461317687372635 0.00040520687726716654 0.0004436586201527664
-19.735294117647058 0.00034931542869556245 0.0003879834616822322 0.0004244897843307152
-19.764705882352942 0.00033417593826946834 0.0003713808886162332 0.00040598699356373004
-19.794117647058822 0.0003197974499098583 0.00035534723986476883 0.0003880544735318862
-19.823529411764707 0.0003061920430146096 0.0003398915459725104 0.0003707012761516101
-19.852941176470587 0.00029309260119030105 0.00032484773936199824 0.00035389470100287077
-19.88235294117647 0.00028091514016192353 0.00031055448290932987 0.00033808419303159266
-19.91176470588235 0.0002688288019818328 0.0002965216377856779 0.0003225335320087932
-19.941176470588236 0.0002570799558324272 0.00028345327906578277 0.00030794526709146196
-19.970588235294116 0.00024538460410555596 0.00027044691119833275 0.00029343367522666734
-20.0 0.00023439062369633748 0.00025825331228514214 0.00027992735227288514
-20.029411764705884 0.00022339664328711905 0.00024605971337195154 0.0002664210293191029
-20.058823529411764 0.0002133365393712832 0.0002347807811586438 0.00025422087655755835
-20.088235294117645 0.00020334766332358656 0.00022357161165973376 0.00024212034694626904
-20.11764705882353 0.00019394583376854664 0.0002130399357837876 0.0002308045129798862
-20.147058823529413 0.0001847025067665244 0.00020269118318604214 0.00021970054683762856
-20.176470588235293 0.00017598683259687872 0.00019296066830559692 0.0002092030409992324
-20.205882352941178 0.00016756072400597459 0.00018356943022122924 0.00019903834874222158
-20.235294117647058 0.000159389333737452 0.00017464205751786078 0.00018932323250602773
-20.264705882352942 0.00015146868181752177 0.00016617130229891128 0.00018005066766532321
-20.294117647058822 0.00014385919755694864 0.00015791272978975992 0.00017107995564893483
-20.323529411764707 0.00013679763895741478 0.00015002778335655465 0.00016264076708405662
-20.352941176470587 0.00012986977309786634 0.00014231348394566837 0.00015439448607132945
-20.38235294117647 0.00012341460656897687 0.00013520254364940583 0.0001468302710465603
-20.411764705882355 0.00011698998137695086 0.00012815192064520825 0.00013933033073507248
-20.441176470588236 0.00011092268982622782 0.00012180700995817015 0.00013258240456897593
-20.470588235294116 0.00010485539827550479 0.00011546209927113206 0.00012583447840287942
-20.5 9.940726673122941e-05 0.00010958368909250885 0.00011954236731445012
-20.529411764705884 9.400075938906824e-05 0.00010373664029260268 0.00011328089925645233
-20.558823529411764 8.897655472028292e-05 9.833115453061072e-05 0.00010746535457585288
-20.588235294117645 8.405076460107929e-05 9.303933846154696e-05 0.00010176460205181118
-20.61764705882353 7.948091987779605e-05 8.807114010219236e-05 9.64726723550688e-05
-20.647058823529413 7.50997690993384e-05 8.327449811906947e-05 9.139746801255776e-05
-20.676470588235293 7.098486161306393e-05 7.871410585749256e-05 8.657796337279547e-05
-20.705882352941178 6.712390926702471e-05 7.437905948415839e-05 8.20023569110385e-05
-20.735294117647058 6.337148499610111e-05 7.021048504016682e-05 7.759373685483206e-05
-20.764705882352942 5.980378936367094e-05 6.632526707165064e-05 7.346934897828465e-05
-20.794117647058822 5.6334056838890995e-05 6.253239099589082e-05 6.942644882350491e-05
-20.823529411764707 5.3195372057203034e-05 5.90515668335815e-05 6.565892096986894e-05
-20.852941176470587 5.008177376152325e-05 5.560641358417767e-05 6.192968237191888e-05
-20.88235294117647 4.72327238637435e-05 5.25374263254088e-05 5.860422137937851e-05
-20.911764705882355 4.438367396596376e-05 4.9468439066639926e-05 5.527876038683814e-05
-20.941176470588236 4.1824342357061264e-05 4.6675861960567636e-05 5.219385422198129e-05
-20.970588235294116 3.9281910981676554e-05 4.389940878006926e-05 4.912298042207259e-05
-21.0 3.693939159437313e-05 4.135345769436774e-05 4.636093625541732e-05
-21.029411764705884 3.4645870243364225e-05 3.886400222013611e-05 4.3674585626324245e-05
-21.058823529411764 3.2532735433427386e-05 3.6558687926298e-05 4.117666721880243e-05
-21.088235294117645 3.0511941352848685e-05 3.434763637956592e-05 3.877520816279904e-05
-21.11764705882353 2.8581298213304873e-05 3.225837703994152e-05 3.652408780945468e-05
-21.147058823529413 2.6733976398051102e-05 3.0281683225068403e-05 3.441191686311362e-05
-21.176470588235293 2.4980724979300227e-05 2.839398094914033e-05 3.2381575472067637e-05
-21.205882352941178 2.33822977547931e-05 2.6652743914392e-05 3.0485911890777434e-05
-21.235294117647058 2.1828571925830725e-05 2.495857383291418e-05 2.863702232919566e-05
-21.264705882352942 2.0419380609128865e-05 2.3416586900343426e-05 2.6939368764670124e-05
-21.294117647058822 1.9025966322514934e-05 2.1892832642774407e-05 2.5258593365490085e-05
-21.323529411764707 1.778374857424183e-05 2.05438081873033e-05 2.3739567050868803e-05
-21.352941176470587 1.6541530825968877e-05 1.9194783731832358e-05 2.2220540736247703e-05
-21.38235294117647 1.5438088403951464e-05 1.799200263040046e-05 2.0871375528736668e-05
-21.411764705882355 1.4341527403070711e-05 1.6796473265532507e-05 1.9530633186041035e-05
-21.441176470588236 1.3368649873811049e-05 1.5710168838823873e-05 1.8310173278105693e-05
-21.470588235294116 1.2424591794249467e-05 1.4649314883142614e-05 1.711774034526009e-05
-21.5 1.1557142796285963e-05 1.3682241303614811e-05 1.6032581301418166e-05
-21.529411764705884 1.0727547697465107e-05 1.2761506262892323e-05 1.5000428179201676e-05
