UVLF_best-fit-model_z5.4.ecsv
# %ECSV 1.0
# ---
# datatype:
# - {name: MUV, unit: mag(AB), datatype: float64}
# - {name: Phi_16, unit: 1 / (mag Mpc3), datatype: float64}
# - {name: Phi_50, unit: 1 / (mag Mpc3), datatype: float64}
# - {name: Phi_84, unit: 1 / (mag Mpc3), datatype: float64}
# meta: !!omap
# - {Description: Best fit UVLF at z~5.4}
# schema: astropy-2.0
MUV Phi_16 Phi_50 Phi_84
-16.0 0.018891779382311548 0.023363449180483116 0.027963996755060536
-16.029411764705884 0.018584375377282466 0.02296964307058221 0.027450296468619306
-16.058823529411764 0.01827697137225342 0.022575836960681352 0.026936596182178134
-16.08823529411765 0.0179814011096135 0.02218851951299176 0.026445624227821304
-16.11764705882353 0.017687785042964484 0.02180227358750225 0.02595840557601058
-16.147058823529413 0.01741320724526483 0.021420753256127918 0.025484200984613948
-16.176470588235293 0.017146161070446284 0.021041102390557464 0.025015144812721875
-16.205882352941178 0.016881150729969534 0.020671150583931718 0.024549873181281694
-16.235294117647058 0.016617646349142933 0.020308373423648714 0.024087401072915612
-16.264705882352942 0.016352058196457596 0.019951071383527832 0.02363545209917656
-16.294117647058822 0.016083742196975438 0.019600936773437463 0.023197278865313017
-16.323529411764707 0.015818233174315414 0.019253254657515068 0.02276619066981806
-16.352941176470587 0.015559551933114733 0.018911538067947344 0.02235233635143606
-16.38235294117647 0.015303230976767803 0.018571113825130155 0.021939665143996118
-16.41176470588235 0.015060326376431874 0.018238035553316302 0.02153371898822715
-16.441176470588236 0.014817401454423115 0.017905052355120202 0.021127822817370516
-16.470588235294116 0.014571916001641302 0.01758404843276591 0.020728224745474883
-16.5 0.014326430548859462 0.01726304451041158 0.020328626673579202
-16.529411764705884 0.014090680303276386 0.016944911698222598 0.01993762349660407
-16.558823529411764 0.013856434589714963 0.016627222603059204 0.019547948621571252
-16.58823529411765 0.013625955585206111 0.016327054547633977 0.019170299443841896
-16.61764705882353 0.013396909567836865 0.016033552105152667 0.018797225259651967
-16.647058823529413 0.01317178805788549 0.015747936523738237 0.018431949807125095
-16.676470588235293 0.012949477343787505 0.015467969640115011 0.0180722599326813
-16.705882352941178 0.012728356462758496 0.015192394705203657 0.0177251480687836
-16.735294117647058 0.012508744120084857 0.014922388133837786 0.017393983325399796
-16.764705882352942 0.012292890478291654 0.014654590632849752 0.017067385212607894
-16.794117647058822 0.012085840109613243 0.014391967007220445 0.01675148262936032
-16.823529411764707 0.011880685764055574 0.014131071151802104 0.016435625744392862
-16.852941176470587 0.011685675142194022 0.013879418867012628 0.01612001334522429
-16.88235294117647 0.011490736251942026 0.013627828379543528 0.01580467704008918
-16.91176470588235 0.011300280587288757 0.01338010022459994 0.01550659661204822
-16.941176470588236 0.011109824922635465 0.01313237206965632 0.015208516184007223
-16.970588235294116 0.010920731351171959 0.012891382014987608 0.014919979898392693
-17.0 0.010731834117465512 0.012651363218016146 0.014632819345019778
-17.029411764705884 0.010544075922385574 0.012415101467789574 0.014348542411014036
-17.058823529411764 0.010356734150029327 0.01218021326153428 0.014065319703443638
-17.08823529411765 0.010168351921772194 0.01195507551297144 0.0137831997214523
-17.11764705882353 0.009979248310757152 0.011736698081742077 0.013501844295862502
-17.147058823529413 0.009800522645575271 0.011520362240880608 0.013225845238232578
-17.176470588235293 0.009634541826153463 0.011306533616260472 0.012956424176342924
-17.205882352941178 0.009466843942276088 0.011093708375607792 0.01269207119962331
-17.235294117647058 0.009295271656550318 0.010883147180830482 0.012439153902261843
-17.264705882352942 0.00912664804202853 0.010674367127558874 0.012186906762848598
-17.294117647058822 0.008972908196441238 0.010474577598078103 0.011938042325459886
-17.323529411764707 0.008819109944317298 0.010274921069229852 0.01168940591093075
-17.352941176470587 0.00866289755534604 0.010080761899859975 0.011450194441265252
-17.38235294117647 0.008506685166374761 0.009886602730490076 0.011210982971599729
-17.41176470588235 0.008358572517091127 0.009693495197315485 0.010986079462321942
-17.441176470588236 0.008211544654372783 0.009500528508274169 0.010763092197738912
-17.470588235294116 0.008062832331227383 0.00931599114364074 0.01054968715724587
-17.5 0.007913528654953313 0.009134413009916435 0.010339646089039702
-17.529411764705884 0.0077710105718305665 0.008958612795198304 0.010129488710903842
-17.558823529411764 0.007633045978848858 0.008786689868234339 0.009919253282683609
-17.58823529411765 0.007494021028742007 0.008616625951280939 0.009713359858504819
-17.61764705882353 0.007353734619296664 0.00844877361520222 0.00951263192189263
-17.647058823529413 0.007215941571090436 0.00828222016038379 0.009312102474117059
-17.676470588235293 0.007083571583579336 0.008118491772306549 0.009112004739561207
-17.705882352941178 0.006952132281449019 0.007955970497981532 0.008913935373309851
-17.735294117647058 0.006825134886817991 0.0077992104483831535 0.00872554685578464
-17.764705882352942 0.006698247388102592 0.00764258003595576 0.008537445059127133
-17.794117647058822 0.006574739188793323 0.007489935966536725 0.008358159929152236
-17.823529411764707 0.006451230989484038 0.007337291897117672 0.008178874799177317
-17.852941176470587 0.006331656454540071 0.007194063392914522 0.008006524967671434
-17.88235294117647 0.006212569276243119 0.0070520014189150914 0.007835034376683815
-17.91176470588235 0.006096316826154811 0.006911353372453286 0.007664590047561648
-17.941176470588236 0.005981019231884133 0.0067711815963199225 0.007494498143488869
-17.970588235294116 0.005868684024063599 0.006633296633738426 0.007329157507437034
-18.0 0.00575827244380807 0.006496896615021751 0.007166902110359804
-18.029411764705884 0.005647928325494563 0.006361723855427197 0.007006874438545404
-18.058823529411764 0.005537661959927804 0.006227965563973409 0.00684941431449157
-18.08823529411765 0.005427902632525297 0.0060947011955552015 0.006694820299615962
-18.11764705882353 0.0053192068485893125 0.005962472860821431 0.006546238123504493
-18.147058823529413 0.005211433498318297 0.005831240154067433 0.006398676530206083
-18.176470588235293 0.005107831152445474 0.005704509417309008 0.006255729746149428
-18.205882352941178 0.005004308859200791 0.005578019776872666 0.006112931100886286
-18.235294117647058 0.004902739850083053 0.005457412886695522 0.005973747042185308
-18.264705882352942 0.004801170840965302 0.0053368059965183635 0.005834562983484313
-18.294117647058822 0.004704622453459928 0.005222553873268566 0.005702606496123511
-18.323529411764707 0.004608646592980513 0.005109026416422751 0.0055714742054944685
-18.352941176470587 0.004510719709569558 0.004995165454064515 0.0054426270315950705
-18.38235294117647 0.004412162808336945 0.004881196797217876 0.005314517759972933
-18.41176470588235 0.004317453066044059 0.004769509945446651 0.005192986846169505
-18.441176470588236 0.004225160128726112 0.004659256535325346 0.005075588490482935
-18.470588235294116 0.004134696488639814 0.00455179723438671 0.004959399622947936
-18.5 0.0040462755637955 0.004447458022035361 0.004844561350515495
-18.529411764705884 0.00395808570661073 0.004343559024127561 0.00473118780620284
-18.558823529411764 0.003870363486355997 0.004240550936403144 0.004620778592608815
-18.58823529411765 0.003783284224940165 0.0041381955015884824 0.004511502893241165
-18.61764705882353 0.003698964328541336 0.004038641035511579 0.004407091859095111
-18.647058823529413 0.0036146617543447663 0.003939316746725672 0.004302693029014145
-18.676470588235293 0.0035307085112273 0.0038446343666417877 0.004198540314246033
-18.705882352941178 0.0034467552681098244 0.003749951986557892 0.004094387599477908
-18.735294117647058 0.0033634987974496067 0.0036561798699249696 0.003991126595340336
-18.764705882352942 0.0032803150334805697 0.0035625027373043104 0.0038879586392685478
-18.794117647058822 0.0032007860237019355 0.003472195491518348 0.003786868839341594
-18.823529411764707 0.0031223873502708357 0.0033829304787740305 0.0036864217681192124
-18.852941176470587 0.0030459473005184637 0.003295949019632292 0.0035871055976357223
-18.88235294117647 0.0029706973005961903 0.003210355036097167 0.003488476556715084
-18.91176470588235 0.0028966145168381192 0.00312686692845084 0.0033921318428643066
-18.941176470588236 0.0028237946227003146 0.003045657309471061 0.0032982586960071257
-18.970588235294116 0.0027514459326712566 0.0029648329076196116 0.003204981782903616
-19.0 0.002680017734389493 0.0028847610229490576 0.003112869605504919
-19.029411764705884 0.0026091389349512007 0.0028052791639292317 0.0030217337219978703
-19.058823529411764 0.002540501682794278 0.0027282046095643843 0.002934581117568759
-19.08823529411765 0.0024719398492950703 0.0026513796493171844 0.0028477645544127007
-19.11764705882353 0.0024046709070711303 0.002578833445372671 0.0027667086987948992
-19.147058823529413 0.002337401964847182 0.002506287241428149 0.002685652843177088
-19.176470588235293 0.002270716633848457 0.0024353980563866203 0.002605426102729207
-19.205882352941178 0.0022040866452934945 0.002364666002447952 0.0025252779852715677
-19.235294117647058 0.00214005042974945 0.0022954822324294287 0.0024499806732147878
-19.264705882352942 0.0020767817592800553 0.0022267566280607335 0.0023761188035725357
-19.294117647058822 0.0020156281854477247 0.002159997473036994 0.0023043058318196127
-19.323529411764707 0.001955717230889658 0.0020943936070034037 0.0022336965875766573
-19.352941176470587 0.00189673429609029 0.0020302658117510274 0.002165276508326853
-19.38235294117647 0.0018387242852314785 0.0019676855100595855 0.002099151521408562
-19.41176470588235 0.0017817551319240662 0.0019064035501890667 0.0020337744684140614
-19.441176470588236 0.001726749414452228 0.0018475707351170861 0.0019698082907757784
-19.470588235294116 0.0016726260286054808 0.0017894879567882985 0.0019067781651459534
-19.5 0.0016219301617638637 0.001734318782731111 0.0018473842415489474
-19.529411764705884 0.001571190874589744 0.0016791791726568314 0.0017881596904690221
-19.558823529411764 0.0015198057099696568 0.0016244793268283145 0.001731454555580676
-19.58823529411765 0.0014684205453495633 0.0015697794809997909 0.0016747494206923229
-19.61764705882353 0.0014198005013626497 0.001520349041196817 0.001621626603739931
-19.647058823529413 0.0013714167924725824 0.0014713689779772172 0.0015688099678076999
-19.676470588235293 0.0013258167759746446 0.0014231616550873505 0.0015178996280960136
-19.705882352941178 0.0012810040664158876 0.001375172885018007 0.0014675284428709381
-19.735294117647058 0.001237076181300931 0.001328648759219851 0.0014185234592279587
-19.764705882352942 0.0011936507890799764 0.0012829564067114968 0.0013702943431501107
-19.794117647058822 0.0011519371968524215 0.0012386009537332248 0.0013236378234095492
-19.823529411764707 0.0011119625760467227 0.0011956036209124863 0.0012785788618528866
-19.852941176470587 0.0010728414780044814 0.001153360091565386 0.0012346797761804706
-19.88235294117647 0.001035275688108972 0.0011124901596591239 0.0011928942421193334
-19.91176470588235 0.0009979922524329674 0.0010722197379179677 0.0011514006763998813
-19.941176470588236 0.0009617545731254795 0.0010341697241957 0.0011109884749088692
-19.970588235294116 0.0009257111888828701 0.000996287967713776 0.0010707730236807446
-20.0 0.0008922152288241658 0.0009606122506051796 0.001033137187010411
-20.029411764705884 0.0008587192687654616 0.0009249365334965834 0.0009955013503400772
-20.058823529411764 0.0008270922854514466 0.0008913173219228633 0.0009595175080179442
-20.088235294117645 0.0007956078512111788 0.0008578549624662097 0.0009236596652647414
-20.11764705882353 0.000765620505392748 0.0008260458831726074 0.0008900099070059491
-20.147058823529413 0.0007360373734482143 0.0007946831895230303 0.000856956331560649
-20.176470588235293 0.0007076229016258548 0.0007644866070029601 0.0008253458853983236
-20.205882352941178 0.0006798497676754146 0.0007349299635173699 0.0007945274004278683
-20.235294117647058 0.0006527241046029867 0.0007063414875763225 0.0007645755348397022
-20.264705882352942 0.0006262357956760954 0.0006787060515619275 0.0007354767477059698
-20.294117647058822 0.0006005352210999476 0.0006516760430042519 0.0007070850835296366
-20.323529411764707 0.0005762217439674919 0.0006257121132290508 0.0006799385706478446
-20.352941176470587 0.0005522857272141067 0.0006001902632224053 0.0006531431969864019
-20.38235294117647 0.0005296843025152783 0.0005762314809688525 0.0006275893512826087
-20.411764705882355 0.0005071909064774091 0.0005523833894349597 0.0006022047965985678
-20.441176470588236 0.0004859614457727629 0.0005298303793210887 0.000578800946845629
-20.470588235294116 0.0004647319850681167 0.0005072773692072176 0.0005553970970926901
-20.5 0.00044528670249018005 0.00048613442278136514 0.000532961969207075
-20.529411764705884 0.00042596136466025765 0.00046508627055302673 0.0005105919654806079
-20.558823529411764 0.0004073894478272928 0.00044536487184040435 0.000489716813285841
-20.588235294117645 0.0003890114809539401 0.0004259850136367774 0.0004692264743566595
-20.61764705882353 0.0003715810886048928 0.00040752698705725203 0.00044954274920337413
-20.647058823529413 0.0003546530249193338 0.00038955764230255295 0.00043028662653369764
-20.676470588235293 0.00033847204092444545 0.00037218253612046127 0.0004117010845266983
-20.705882352941178 0.0003230036560191159 0.0003553742421153139 0.0003937551733056326
-20.735294117647058 0.0003079168648002875 0.000339037987633225 0.00037654758823272243
-20.764705882352942 0.00029347959474996675 0.0003235052046797409 0.0003605967285183689
-20.794117647058822 0.0002792896566920126 0.00030829235764849057 0.0003447172390043725
-20.823529411764707 0.00026593553019446247 0.0002941606733889186 0.00032907893154674654
-20.852941176470587 0.00025268362175265426 0.0002801166091676363 0.00031356908630676195
-20.88235294117647 0.00024050964917137835 0.0002669965380773897 0.00029941393354370014
-20.911764705882355 0.00022833567659010247 0.00025387646698714307 0.0002852587807806383
-20.941176470588236 0.00021702087935977383 0.00024181591441419675 0.0002723294492183982
-20.970588235294116 0.00020575620069158358 0.00022981716708809268 0.00025947162389287237
-21.0 0.000195196696529703 0.0002185158058370337 0.00024729217788653604
-21.029411764705884 0.0001848100292566241 0.00020738537254554496 0.00023527900132117794
-21.058823529411764 0.00017506825853088256 0.00019693336105037137 0.00022390280505404564
-21.088235294117645 0.00016565661341865813 0.00018682863690331068 0.00021285268203481377
-21.11764705882353 0.00015682709610375094 0.0001771952977975379 0.00020216985001763094
-21.147058823529413 0.00014853560599545614 0.00016799763274507777 0.00019182648392658557
-21.176470588235293 0.00014047329603790264 0.00015906664450838164 0.0001818079559952467
-21.205882352941178 0.0001327881784117749 0.00015057456186429408 0.00017232405753508798
-21.235294117647058 0.0001252854234666835 0.00014224646816070043 0.00016303757073279836
-21.264705882352942 0.00011837230785693889 0.00013444860536469924 0.00015438938162428033
-21.294117647058822 0.00011152546685978183 0.00012672886215651957 0.00014582963335506752
-21.323529411764707 0.00010531375756657987 0.00011975776499828585 0.0001381174431291847
-21.352941176470587 9.910204827337868e-05 0.000112786667840053 0.00013040525290330281
-21.38235294117647 9.334134763667352e-05 0.00010644276172432651 0.00012311567762871654
-21.411764705882355 8.76030110655798e-05 0.00010012995599087318 0.00011584705846741772
-21.441176470588236 8.23848268529352e-05 9.426767022003908e-05 0.00010923445344986298
-21.470588235294116 7.728784318983197e-05 8.85103599744753e-05 0.00010277470609686972
-21.5 7.25849499478842e-05 8.324490988496863e-05 9.675486248031606e-05
-21.529411764705884 6.807678373756656e-05 7.822249657845533e-05 9.095238306294479e-05
-21.558823529411764 6.380190004755127e-05 7.344696261292073e-05 8.539224015756189e-05
-21.588235294117645 5.9735926077209224e-05 6.889251462438146e-05 8.004911502410826e-05
-21.61764705882353 5.586723471404373e-05 6.450030294093884e-05 7.492382701366045e-05
