UVLF_prediction_z9.ecsv
# %ECSV 1.0
# ---
# datatype:
# - {name: MUV, unit: mag(AB), datatype: float64}
# - {name: Phi_fiducial, datatype: float64}
# - {name: Phi_sfe, datatype: float64}
# - {name: Phi_sigma, datatype: float64}
# meta: !!omap
# - {Description: 'UVLF predictions at z=9. This includes the 1) Fiducial model 2) increasing SFE=0.3, 3) Increasing sigma_UV=0.9'}
# - Fiducial model parameters: {alpha_sat: 0.8867630869374541, beta: 0.700077045725375, eps0: 0.23318140044525226, gamma: 0.5303124865141149,
#     logMc: 11.969330956585615, logMcut: 11.784692481369536, logMsat: 12.868572017298623, sigma_UV: 0.5343856713984909}
# schema: astropy-2.0
MUV Phi_fiducial Phi_sfe Phi_sigma
-15.0 0.013711045019880847 0.016982285217106617 0.016982285217106617
-15.070866141732283 0.012962952796734055 0.016072270468417547 0.016072270468417547
-15.141732283464567 0.012252247674164248 0.015206975182636822 0.015206975182636822
-15.21259842519685 0.01157721850035124 0.014384383326662102 0.014384383326662102
-15.283464566929133 0.01093622579725098 0.013602562422916901 0.013602562422916901
-15.354330708661417 0.01032769898159975 0.012859660287313304 0.012859660287313304
-15.4251968503937 0.009750133698153252 0.01215390189905876 0.01215390189905876
-15.496062992125985 0.009202089259040442 0.01148358639807016 0.01148358639807016
-15.566929133858268 0.008682186183025936 0.010847084205122183 0.010847084205122183
-15.637795275590552 0.008189103828607323 0.010242834259271914 0.010242834259271914
-15.708661417322835 0.007721578115200275 0.009669341366655733 0.009669341366655733
-15.779527559055119 0.007278399327151593 0.009125173654489904 0.009125173654489904
-15.850393700787402 0.00685840999590739 0.008608960124060155 0.008608960124060155
-15.921259842519685 0.00646050285630161 0.008119388296651783 0.008119388296651783
-15.992125984251969 0.006083618873555584 0.007655201946735302 0.007655201946735302
-16.062992125984252 0.005726745338155905 0.00721519891722985 0.00721519891722985
-16.133858267716537 0.005388914026267425 0.00679822901227663 0.00679822901227663
-16.20472440944882 0.0050691994237187996 0.006403191963583379 0.006403191963583379
-16.275590551181104 0.004766717011889041 0.006029035467043744 0.006029035467043744
-16.346456692913385 0.004480621613989656 0.005674753286877943 0.005674753286877943
-16.41732283464567 0.0042101058003362205 0.005339383425022398 0.005339383425022398
-16.488188976377952 0.003954398351224669 0.005022006353851917 0.005022006353851917
-16.559055118110237 0.0037127627760002095 0.0047217433105634955 0.0047217433105634955
-16.62992125984252 0.003484495886845061 0.004437754651687452 0.004437754651687452
-16.700787401574804 0.0032689264257246917 0.004169238266224894 0.004169238266224894
-16.771653543307085 0.0030654137428297733 0.003915428045858584 0.003915428045858584
-16.84251968503937 0.0028733465247290824 0.00367559241055002 0.00367559241055002
-16.913385826771652 0.0026921415703086123 0.003449032887630328 0.003449032887630328
-16.984251968503937 0.0025212426124014012 0.003235082742216705 0.003235082742216705
-17.055118110236222 0.002360119182809704 0.003033105656441394 0.003033105656441394
-17.125984251968504 0.002208265518177458 0.0028424944545710294 0.0028424944545710294
-17.19685039370079 0.002065199503896177 0.0026626698706321865 0.0026626698706321865
-17.26771653543307 0.0019304616529362193 0.002493079354677284 0.002493079354677284
-17.338582677165356 0.0018036141162304602 0.002333195913375546 0.002333195913375546
-17.409448818897637 0.0016842397210606987 0.0021825169802939053 0.0021825169802939053
-17.480314960629922 0.0015719410339033238 0.0020405633111661376 0.0020405633111661376
-17.551181102362204 0.0014663394444967969 0.0019068778998078942 0.0019068778998078942
-17.62204724409449 0.0013670742686345391 0.0017810249113076506 0.0017810249113076506
-17.69291338582677 0.0012738018684949363 0.0016625886309007867 0.0016625886309007867
-17.763779527559056 0.0011861947912941559 0.0015511724296621478 0.0015511724296621478
-17.834645669291337 0.0011039409297177436 0.0014463977518833747 0.0014463977518833747
-17.905511811023622 0.0010267427108704155 0.0013479031336295873 0.0013479031336295873
-17.976377952755904 0.0009543163241478781 0.0012553432671835265 0.0012553432671835265
-18.04724409448819 0.0008863910020721404 0.0011683881313203457 0.0011683881313203457
-18.118110236220474 0.0008227083711679451 0.0010867222118128594 0.0010867222118128594
-18.188976377952756 0.0007630218916858899 0.0010100438392506 0.0010100438392506
-18.25984251968504 0.0007070964046517089 0.0009380646711071558 0.0009380646711071558
-18.330708661417322 0.0006547078016763313 0.0008705093410488798 0.0008705093410488798
-18.401574803149607 0.0006056428267714528 0.0008071152901074637 0.0008071152901074637
-18.47244094488189 0.0005596990100460797 0.0007476327814413909 0.0007476327814413909
-18.543307086614174 0.0005166847210924571 0.0006918250836054139 0.0006918250836054139
-18.614173228346456 0.00047641931615593206 0.0006394687879575785 0.0006394687879575785
-18.68503937007874 0.00043873333940046776 0.0005903542062295402 0.0005903542062295402
-18.755905511811022 0.00040346872667357 0.0005442857770792427 0.0005442857770792427
-18.826771653543307 0.0003704789521887681 0.0005010823985169813 0.0005010823985169813
-18.89763779527559 0.00033962905629272546 0.00046057759903675747 0.00046057759903675747
-18.968503937007874 0.00031079549719305614 0.00042261946589218806 0.00042261946589218806
-19.039370078740156 0.0002838657815311112 0.0003870702648150924 0.0003870702648150924
-19.11023622047244 0.0002587378472718335 0.0003538057106951851 0.0003538057106951851
-19.181102362204726 0.00023531919576950938 0.0003227138809436357 0.0003227138809436357
-19.251968503937007 0.00021352579540765055 0.000293693798835883 0.000293693798835883
-19.322834645669293 0.00019328080375651308 0.0002666537487159524 0.0002666537487159524
-19.393700787401574 0.00017451317557503026 0.00024150941411078415 0.00024150941411078415
-19.46456692913386 0.0001571562375204318 0.00021818194973864102 0.00021818194973864102
-19.53543307086614 0.00014114631535261287 0.00019659610652872895 0.00019659610652872895
-19.606299212598426 0.0001264214951641122 0.0001766785241713621 0.0001766785241713621
-19.677165354330707 0.00011292058743522755 0.00015835628922908227 0.00015835628922908227
-19.748031496062993 0.0001005823433419579 0.00014155583088281876 0.00014155583088281876
-19.818897637795274 8.934494936756559e-05 0.00012620219453712004 0.00012620219453712004
-19.88976377952756 7.914580188246245e-05 0.00011221869988075723 0.00011221869988075723
-19.960629921259844 6.992154084764869e-05 9.952695860510309e-05 9.952695860510309e-05
-20.031496062992126 6.16083035292575e-05 8.804720115323504e-05 8.804720115323504e-05
-20.102362204724407 5.4142146645349385e-05 7.769884385161222e-05 7.769884385161222e-05
-20.173228346456693 4.74595793307974e-05 6.840121853481296e-05 6.840121853481296e-05
-20.244094488188978 4.14981494405919e-05 6.00743860500456e-05 6.00743860500456e-05
-20.31496062992126 3.619703103531758e-05 5.263996155116289e-05 5.263996155116289e-05
-20.385826771653544 3.149756995856397e-05 4.6021891325460554e-05 4.6021891325460554e-05
-20.456692913385826 2.734375559304296e-05 4.0147135822933094e-05 4.0147135822933094e-05
-20.52755905511811 2.3682598608843542e-05 3.494622943053058e-05 3.494622943053058e-05
-20.598425196850393 2.0464405494912874e-05 3.0353702549249274e-05 3.0353702549249274e-05
-20.669291338582678 1.7642949970321538e-05 2.630836438838663e-05 2.630836438838663e-05
-20.74015748031496 1.5175548489721992e-05 2.2753454842284053e-05 2.2753454842284053e-05
-20.811023622047244 1.3023051845252227e-05 1.9636680626495373e-05 1.9636680626495373e-05
-20.881889763779526 1.1149767477814756e-05 1.6910154698105917e-05 1.6910154698105917e-05
-20.95275590551181 9.523327892634048e-06 1.4530259320403189e-05 1.4530259320403189e-05
-21.023622047244096 8.114519973419284e-06 1.2457452548746635e-05 1.2457452548746635e-05
-21.094488188976378 6.897088466875563e-06 1.0656036032908071e-05 1.0656036032908071e-05
-21.16535433070866 5.847524879969513e-06 9.093899416417753e-06 9.093899416417753e-06
-21.236220472440944 4.944850831273174e-06 7.74225372514094e-06 7.74225372514094e-06
-21.30708661417323 4.170402767023442e-06 6.575363310788244e-06 6.575363310788244e-06
-21.37795275590551 3.5076230449642062e-06 5.570283364882776e-06 5.570283364882776e-06
-21.448818897637796 2.9418607820339952e-06 4.706607856639189e-06 4.706607856639189e-06
-21.519685039370078 2.460184576137688e-06 3.9662310081074775e-06 3.9662310081074775e-06
-21.590551181102363 2.0512082302817472e-06 3.333124082935962e-06 3.333124082935962e-06
-21.661417322834644 1.7049298903449901e-06 2.793128282007114e-06 2.793128282007114e-06
-21.73228346456693 1.412584507930773e-06 2.3337638476817847e-06 2.3337638476817847e-06
-21.803149606299215 1.1665092089795537e-06 1.9440550149709173e-06 1.9440550149709173e-06
-21.874015748031496 9.600209439013589e-07 1.6143701550609955e-06 1.6143701550609955e-06
-21.944881889763778 7.873056799656209e-07 1.3362762861112453e-06 1.3362762861112453e-06
-22.015748031496063 6.433183433710434e-07 1.1024070401295536e-06 1.1024070401295536e-06
-22.086614173228348 5.236927058538368e-07 9.063431446047454e-07 9.063431446047454e-07
-22.15748031496063 4.246604239445117e-07 7.425044830166589e-07 7.425044830166589e-07
-22.22834645669291 3.4297846784875345e-07 6.060528253649422e-07 6.060528253649422e-07
-22.299212598425196 2.758642147174908e-07 4.928043591554082e-07 4.928043591554082e-07
-22.37007874015748 2.2093752353570652e-07 3.9915119699986736e-07 3.9915119699986736e-07
-22.440944881889763 1.761691533650364e-07 3.219910855540513e-07 3.219910855540513e-07
-22.511811023622048 1.398349316298469e-07 2.5866458986481274e-07 2.5866458986481274e-07
-22.58267716535433 1.1047512352747417e-07 2.068990761899764e-07 2.068990761899764e-07
-22.653543307086615 8.685849680255105e-08 1.6475886436819957e-07 1.6475886436819957e-07
-22.724409448818896 6.795061756467472e-08 1.3060096747351427e-07 1.3060096747351427e-07
-22.79527559055118 5.288595216203899e-08 1.0303588155800917e-07 1.0303588155800917e-07
-22.866141732283467 4.094338705605961e-08 8.089293149217037e-08 8.089293149217037e-08
-22.937007874015748 3.152481296281886e-08 6.318972004053123e-08 6.318972004053123e-08
-23.00787401574803 2.4136451129242097e-08 4.9105266101945525e-08 4.9105266101945525e-08
-23.078740157480315 1.8372628497485507e-08 3.795645429674605e-08 3.795645429674605e-08
-23.1496062992126 1.3901734787436724e-08 2.917745164817192e-08 2.917745164817192e-08
-23.22047244094488 1.0454118388290114e-08 2.2301777925409986e-08 2.2301777925409986e-08
-23.291338582677163 7.811699655003965e-09 1.694674433020359e-08 1.694674433020359e-08
-23.362204724409448 5.799100040390614e-09 1.2800000759372532e-08 1.2800000759372532e-08
-23.433070866141733 4.2761037383406234e-09 9.607955080825463e-09 9.607955080825463e-09
-23.503937007874015 3.131285423322784e-09 7.165848990801766e-09 7.165848990801766e-09
-23.5748031496063 2.2766534473063805e-09 5.309294360338291e-09 5.309294360338291e-09
-23.645669291338585 1.6431726462436885e-09 3.907091812603978e-09 3.907091812603978e-09
-23.716535433070867 1.1770448052434667e-09 2.8551698312964e-09 2.8551698312964e-09
-23.787401574803148 8.366378859475822e-10 2.0714981762579134e-09 2.0714981762579134e-09
-23.858267716535433 5.899673398525075e-10 1.4918439052096225e-09 1.4918439052096225e-09
-23.92913385826772 4.1264421898607263e-10 1.0662519487921003e-09 1.0662519487921003e-09
-24.0 2.862153334906373e-10 7.56144995461532e-10 7.56144995461532e-10
