UVLF_prediction_z16.ecsv
# %ECSV 1.0
# ---
# datatype:
# - {name: MUV, unit: mag(AB), datatype: float64}
# - {name: Phi_fiducial, datatype: float64}
# - {name: Phi_sfe, datatype: float64}
# - {name: Phi_sigma, datatype: float64}
# meta: !!omap
# - {Description: 'UVLF predictions at z=16. This includes the 1) Fiducial model 2) increasing SFE=1, 3) Increasing sigma_UV=2'}
# - Fiducial model parameters: {alpha_sat: 0.8867630869374541, beta: 0.700077045725375, eps0: 0.23318140044525226, gamma: 0.5303124865141149,
#     logMc: 11.969330956585615, logMcut: 11.784692481369536, logMsat: 12.868572017298623, sigma_UV: 0.5343856713984909}
# schema: astropy-2.0
MUV Phi_fiducial Phi_sfe Phi_sigma
-15.0 0.0001405148773660412 0.001135082884043366 0.001135082884043366
-15.070866141732283 0.00012697572027902833 0.0010396120139474633 0.0010396120139474633
-15.141732283464567 0.00011465977731537851 0.0009516374928944863 0.0009516374928944863
-15.21259842519685 0.00010346403967125192 0.0008706129002935602 0.0008706129002935602
-15.283464566929133 9.329352272907853e-05 0.0007960285245971548 0.0007960285245971548
-15.354330708661417 8.406069346922058e-05 0.0007274091103198647 0.0007274091103198647
-15.4251968503937 7.568493484857656e-05 0.0006643117301260794 0.0006643117301260794
-15.496062992125985 6.809204501868232e-05 0.0006063237757650572 0.0006063237757650572
-15.566929133858268 6.121376936318649e-05 0.0005530610619080095 0.0005530610619080095
-15.637795275590552 5.498736343719772e-05 0.0005041660372074597 0.0005041660372074597
-15.708661417322835 4.935518498935276e-05 0.0004593060971534614 0.0004593060971534614
-15.779527559055119 4.4264313341345975e-05 0.00041817199354557665 0.00041817199354557665
-15.850393700787402 3.966619448965574e-05 0.0003804763356340489 0.0003804763356340489
-15.921259842519685 3.5516310380053436e-05 0.00034595217820820536 0.00034595217820820536
-15.992125984251969 3.177387088752905e-05 0.00031435169212629913 0.00031435169212629913
-16.062992125984252 2.8401527112518555e-05 0.0002854449129872351 0.0002854449129872351
-16.133858267716537 2.536510467887755e-05 0.00025901856384387065 0.00025901856384387065
-16.20472440944882 2.2633355790029886e-05 0.00023487494804689643 0.00023487494804689643
-16.275590551181104 2.0177728867286367e-05 0.00021283090849179035 0.00021283090849179035
-16.346456692913385 1.797215465848862e-05 0.0001927168497153251 0.0001927168497153251
-16.41732283464567 1.5992847766197096e-05 0.00017437581945611752 0.00017437581945611752
-16.488188976377952 1.4218122602690724e-05 0.0001576626464542999 0.0001576626464542999
-16.559055118110237 1.2628222834278609e-05 0.0001424431314191007 0.0001424431314191007
-16.62992125984252 1.1205163430049023e-05 0.00012859328824055247 0.00012859328824055247
-16.700787401574804 9.932584480348512e-06 0.00011599863266260698 0.00011599863266260698
-16.771653543307085 8.795615998199394e-06 0.0001045535157700229 0.0001045535157700229
-16.84251968503937 7.780752962576905e-06 9.416049977059136e-05 9.416049977059136e-05
-16.913385826771652 6.875739906187949e-06 8.472977367807505e-05 8.472977367807505e-05
-16.984251968503937 6.069464392064988e-06 7.617860661946172e-05 7.617860661946172e-05
-17.055118110236222 5.351858763089362e-06 6.843083660340627e-05 6.843083660340627e-05
-17.125984251968504 4.713809586366272e-06 6.14163926950402e-05 6.14163926950402e-05
-17.19685039370079 4.147074250359562e-06 5.507084864594455e-05 5.507084864594455e-05
-17.26771653543307 3.6442042067220736e-06 4.933500612740348e-05 4.933500612740348e-05
-17.338582677165356 3.1984743809991878e-06 4.41545058102106e-05 4.41545058102106e-05
-17.409448818897637 2.8038183067612652e-06 3.947946462579888e-05 3.947946462579888e-05
-17.480314960629922 2.4547685663916857e-06 3.526413763156417e-05 3.526413763156417e-05
-17.551181102362204 2.1464021487325887e-06 3.1466602988516594e-05 3.1466602988516594e-05
-17.62204724409449 1.874290359210506e-06 2.804846864201944e-05 2.804846864201944e-05
-17.69291338582677 1.6344529419883535e-06 2.4974599376824088e-05 2.4974599376824088e-05
-17.763779527559056 1.4233160962435715e-06 2.2212862995975876e-05 2.2212862995975876e-05
-17.834645669291337 1.2376740899158615e-06 1.973389444912672e-05 1.973389444912672e-05
-17.905511811023622 1.0746541942873442e-06 1.7510876809152187e-05 1.7510876809152187e-05
-17.976377952755904 9.316846815988553e-07 1.5519338065283458e-05 1.5519338065283458e-05
-18.04724409448819 8.064656456014665e-07 1.3736962765336208e-05 1.3736962765336208e-05
-18.118110236220474 6.969424215105328e-07 1.2143417596862974e-05 1.2143417596862974e-05
-18.188976377952756 6.012813972934427e-07 1.072019004581745e-05 1.072019004581745e-05
-18.25984251968504 5.178480225913248e-07 9.450439309813471e-06 9.450439309813471e-06
-18.330708661417322 4.45186834898104e-07 8.318858670846941e-06 8.318858670846941e-06
-18.401574803149607 3.820033349596962e-07 7.311548549726237e-06 7.311548549726237e-06
-18.47244094488189 3.2714755482319753e-07 6.415899473655261e-06 6.415899473655261e-06
-18.543307086614174 2.795991726962014e-07 5.620484193021867e-06 5.620484193021867e-06
-18.614173228346456 2.384540389425427e-07 4.914958188833283e-06 4.914958188833283e-06
-18.68503937007874 2.029119873179592e-07 4.289967824426542e-06 4.289967824426542e-06
-18.755905511811022 1.722658150994541e-07 3.737065420402394e-06 3.737065420402394e-06
-18.826771653543307 1.4589132520124138e-07 3.24863057510611e-06 3.24863057510611e-06
-18.89763779527559 1.2323833274202997e-07 2.817797117390994e-06 2.817797117390994e-06
-18.968503937007874 1.0382254779440688e-07 2.4383851633226953e-06 2.4383851633226953e-06
-19.039370078740156 8.721825506776576e-08 2.1048378499314153e-06 2.1048378499314153e-06
-19.11023622047244 7.305171985370334e-08 1.8121624294507505e-06 1.8121624294507505e-06
-19.181102362204726 6.099525743483469e-08 1.5558755164196255e-06 1.5558755164196255e-06
-19.251968503937007 5.076191008543767e-08 1.331952376108147e-06 1.331952376108147e-06
-19.322834645669293 4.2100681568102247e-08 1.1367802151422386e-06 1.1367802151422386e-06
-19.393700787401574 3.479228355353268e-08 9.671154756859272e-07 9.671154756859272e-07
-19.46456692913386 2.8645351677375155e-08 8.200451389239398e-07 8.200451389239398e-07
-19.53543307086614 2.3493091148948477e-08 6.929520127165962e-07 6.929520127165962e-07
-19.606299212598426 1.919031320587509e-08 5.834839179609519e-07 5.834839179609519e-07
-19.677165354330707 1.5610824610682565e-08 4.895266083762027e-07 4.895266083762027e-07
-19.748031496062993 1.2645133176673288e-08 4.09180171606708e-07 4.09180171606708e-07
-19.818897637795274 1.019843333090549e-08 3.4073857874583215e-07 3.4073857874583215e-07
-19.88976377952756 8.188837227972743e-09 2.8267198616050415e-07 2.8267198616050415e-07
-19.960629921259844 6.5458190627981175e-09 2.3361135621429926e-07 2.3361135621429926e-07
-20.031496062992126 5.208843009164464e-09 1.9233495630221072e-07 1.9233495630221072e-07
-20.102362204724407 4.126148529947066e-09 1.577563182315554e-07 1.577563182315554e-07
-20.173228346456693 3.253670472525085e-09 1.2891328811412098e-07 1.2891328811412098e-07
-20.244094488188978 2.554075134596329e-09 1.0495786340394251e-07 1.0495786340394251e-07
-20.31496062992126 1.995897112166689e-09 8.514658982592555e-08 8.514658982592555e-08
-20.385826771653544 1.5527650041441665e-09 6.883136794987976e-08 6.883136794987976e-08
-20.456692913385826 1.2027067884208256e-09 5.545058949617653e-08 5.545058949617653e-08
-20.52755905511811 9.275278191304389e-10 4.4520581546977416e-08 4.4520581546977416e-08
-20.598425196850393 7.122559141042797e-10 3.5627379530894196e-08 3.5627379530894196e-08
-20.669291338582678 5.446489605990069e-10 2.841887635546599e-08 2.841887635546599e-08
-20.74015748031496 4.1476096531114464e-10 2.2597406574973112e-08 2.2597406574973112e-08
-20.811023622047244 3.1456263525154144e-10 1.7912823594498567e-08 1.7912823594498567e-08
-20.881889763779526 2.3761252621483353e-10 1.4156117964593175e-08 1.4156117964593175e-08
-20.95275590551181 1.7877464942964054e-10 1.1153609314659002e-08 1.1153609314659002e-08
-21.023622047244096 1.3397827593049436e-10 8.761726587078274e-09 8.761726587078274e-09
-21.094488188976378 1.0001558514093596e-10 6.862373541019295e-09 6.862373541019295e-09
-21.16535433070866 7.437280473416343e-11 5.3588608188064414e-09 5.3588608188064414e-09
-21.236220472440944 5.5090594585397174e-11 4.17237328764552e-09 4.17237328764552e-09
-21.30708661417323 4.06496320909404e-11 3.2389323214861326e-09 3.2389323214861326e-09
-21.37795275590551 2.987764124964076e-11 2.5068071115255226e-09 2.5068071115255226e-09
-21.448818897637796 2.1874449820258226e-11 1.9343265995311466e-09 1.9343265995311466e-09
-21.519685039370078 1.5952032677075915e-11 1.4880436460672236e-09 1.4880436460672236e-09
-21.590551181102363 1.1586882524970898e-11 1.1412049491107104e-09 1.1412049491107104e-09
-21.661417322834644 8.382422913055425e-12 8.724834170067003e-10 8.724834170067003e-10
-21.73228346456693 6.039529358418016e-12 6.649336537652328e-10 6.649336537652328e-10
-21.803149606299215 4.333543555219963e-12 5.05135517233098e-10 5.05135517233098e-10
-21.874015748031496 3.096448465547854e-12 3.8249505137398344e-10 3.8249505137398344e-10
-21.944881889763778 2.20311724473797e-12 2.886762592083837e-10 2.886762592083837e-10
-22.015748031496063 1.5607575414041175e-12 2.1714103964065924e-10 2.1714103964065924e-10
-22.086614173228348 1.1008473828527283e-12 1.627780888307317e-10 1.627780888307317e-10
-22.15748031496063 7.730031583174145e-13 1.2160463882695466e-10 1.2160463882695466e-10
-22.22834645669291 5.403380227327933e-13 9.052757759761077e-11 9.052757759761077e-11
-22.299212598425196 3.7596427652615907e-13 6.715278859574543e-11 6.715278859574543e-11
-22.37007874015748 2.6036956726407094e-13 4.963349817468011e-11 4.963349817468011e-11
-22.440944881889763 1.7945741138739035e-13 3.655006365581208e-11 3.655006365581208e-11
-22.511811023622048 1.2309041578211678e-13 2.6815012021657256e-11 2.6815012021657256e-11
-22.58267716535433 8.401214189196794e-14 1.9598285939463612e-11 1.9598285939463612e-11
-22.653543307086615 5.705285365980051e-14 1.4268603847081408e-11 1.4268603847081408e-11
-22.724409448818896 3.854711727494737e-14 1.0347624249016277e-11 1.0347624249016277e-11
-22.79527559055118 2.5908757597652826e-14 7.474247719585602e-12 7.474247719585602e-12
-22.866141732283467 1.7322140560065925e-14 5.376916307316076e-12 5.376916307316076e-12
-22.937007874015748 1.1519036788474483e-14 3.852198694968685e-12 3.852198694968685e-12
-23.00787401574803 7.618140293571991e-15 2.7482973870755372e-12 2.7482973870755372e-12
-23.078740157480315 5.010230796824058e-15 1.9523954691551978e-12 1.9523954691551978e-12
-23.1496062992126 3.2764190994648623e-15 1.3809870114281198e-12 1.3809870114281198e-12
-23.22047244094488 2.1302487650458455e-15 9.72516933136868e-13 9.72516933136868e-13
-23.291338582677163 1.376910733819112e-15 6.818013744185649e-13 6.818013744185649e-13
-23.362204724409448 8.846683932456578e-16 4.758152301642931e-13 4.758152301642931e-13
-23.433070866141733 5.649479248969261e-16 3.305251410846802e-13 3.305251410846802e-13
-23.503937007874015 3.5854418679274034e-16 2.2851859835195256e-13 2.2851859835195256e-13
-23.5748031496063 2.2611833330428217e-16 1.5723671257868115e-13 1.5723671257868115e-13
-23.645669291338585 1.4169008009643504e-16 1.0766273793127222e-13 1.0766273793127222e-13
-23.716535433070867 8.820734957423187e-17 7.335317158854432e-14 7.335317158854432e-14
-23.787401574803148 5.454842114576236e-17 4.972520336359292e-14 4.972520336359292e-14
-23.858267716535433 3.3505914128473526e-17 3.353511848519259e-14 3.353511848519259e-14
-23.92913385826772 2.0439574040739077e-17 2.2498282125279185e-14 2.2498282125279185e-14
-24.0 1.2381746753054002e-17 1.5013603969856793e-14 1.5013603969856793e-14
