UVLF_prediction_z18.ecsv
# %ECSV 1.0
# ---
# datatype:
# - {name: MUV, unit: mag(AB), datatype: float64}
# - {name: Phi_fiducial, datatype: float64}
# - {name: Phi_sfe, datatype: float64}
# - {name: Phi_sigma, datatype: float64}
# meta: !!omap
# - {Description: 'UVLF predictions at z=18. This includes the 1) Fiducial model 2) increasing SFE=1, 3) Increasing sigma_UV=2'}
# - Fiducial model parameters: {alpha_sat: 0.8867630869374541, beta: 0.700077045725375, eps0: 0.23318140044525226, gamma: 0.5303124865141149,
#     logMc: 11.969330956585615, logMcut: 11.784692481369536, logMsat: 12.868572017298623, sigma_UV: 0.5343856713984909}
# schema: astropy-2.0
MUV Phi_fiducial Phi_sfe Phi_sigma
-15.0 2.1156001532429364e-05 0.00023367348284030452 0.000524555862864294
-15.070866141732283 1.8824014011017855e-05 0.0002112603149191345 0.00048344417377188444
-15.141732283464567 1.6735038006226538e-05 0.00019086921811619734 0.0004454056903070937
-15.21259842519685 1.4865252004513427e-05 0.00017232947746414134 0.0004102222324623502
-15.283464566929133 1.3193017348265128e-05 0.00015548377797719454 0.00037769025826124905
-15.354330708661417 1.1698692744928647e-05 0.00014018723472781992 0.0003476199409193621
-15.4251968503937 1.0364463243881098e-05 0.00012630648701034386 0.0003198343003843794
-15.496062992125985 9.174182658996746e-06 0.00011371885277244131 0.00029416838622159104
-15.566929133858268 8.113228479119806e-06 0.00010231153969819669 0.0002704685089563192
-15.637795275590552 7.168368369410848e-06 9.198090951934417e-05 0.00024859151734154156
-15.708661417322835 6.327637423899076e-06 8.263179231545617e-05 0.00022840411893852396
-15.779527559055119 5.580225383789693e-06 7.41768477391557e-05 0.00020978224158495044
-15.850393700787402 4.916373087217538e-06 6.65359702693337e-05 0.0001926104334980689
-15.921259842519685 4.327277464391496e-06 5.9635735754498357e-05 0.00017678129986236024
-15.992125984251969 3.805004437577346e-06 5.340888665956771e-05 0.00016219497384108362
-16.062992125984252 3.342409128234276e-06 4.77938535735856e-05 0.00014875861996084612
-16.133858267716537 2.9330628139912628e-06 4.273431067273258e-05 0.0001363859682466339
-16.20472440944882 2.5711861161538653e-06 3.8178762963298916e-05 0.00012499687709589962
-16.275590551181104 2.2515879341532776e-06 3.408016325318086e-05 0.0001145169234047447
-16.346456692913385 1.9696096769560348e-06 3.0395556918072842e-05 0.0001048770183790306
-16.41732283464567 1.7210743729709828e-06 2.7085752640328417e-05 9.601304738600743e-05
-16.488188976377952 1.5022402696190325e-06 2.411501740463262e-05 8.786553263211704e-05
-16.559055118110237 1.3097585614702558e-06 2.1450794135349514e-05 8.037931722687526e-05
-16.62992125984252 1.1406349118954485e-06 1.9063440456003725e-05 7.350326935504924e-05
-16.700787401574804 9.921944575300477e-07 1.6925987142013373e-05 6.719000543898517e-05
-16.771653543307085 8.620500076783825e-07 1.50139149237195e-05 6.139563114286859e-05
-16.84251968503937 7.480731721114967e-07 1.3304948378199474e-05 5.607949904803896e-05
-16.913385826771652 6.483681706811177e-07 1.177886572545992e-05 5.1203982234905456e-05
-16.984251968503937 5.612480968077597e-07 1.0417323417630701e-05 4.673426247619505e-05
-17.055118110236222 4.852134243277683e-07 9.203694478856973e-06 4.263813251454194e-05
-17.125984251968504 4.189325634326168e-07 8.122919618935575e-06 3.888581123401467e-05
-17.19685039370079 3.612242866025172e-07 7.161370205515917e-06 3.544977124670162e-05
-17.26771653543307 3.1104185956062827e-07 6.306722238062449e-06 3.230457780746993e-05
-17.338582677165356 2.674587254354572e-07 5.547840521943495e-06 2.942673866852097e-05
-17.409448818897637 2.2965560255075177e-07 4.874672293088397e-06 2.6794563911389197e-05
-17.480314960629922 1.9690886763290627e-07 4.278149592855361e-06 2.438803538835319e-05
-17.551181102362204 1.6858010677412515e-07 3.75009973918623e-06 2.2188684931697403e-05
-17.62204724409449 1.4410672626889447e-07 3.2831632839801074e-06 2.0179480972340295e-05
-17.69291338582677 1.2299352449590022e-07 2.870718887962674e-06 1.834472287076435e-05
-17.763779527559056 1.048051343921717e-07 2.506814583375784e-06 1.6669942628385018e-05
-17.834645669291337 8.915925380487947e-08 2.186104931545249e-06 1.5141813335177927e-05
-17.905511811023622 7.572058815060145e-08 1.9037936169821618e-06 1.3748064073271004e-05
-17.976377952755904 6.419543640032534e-08 1.6555810520852907e-06 1.2477400728596943e-05
-18.04724409448819 5.432685748069052e-08 1.437616596836082e-06 1.1319432432474577e-05
-18.118110236220474 4.589035977008317e-08 1.2464550260708183e-06 1.0264603166009862e-05
-18.188976377952756 3.869006151034352e-08 1.0790169030256166e-06 9.30412828056437e-06
-18.25984251968504 3.2555274676557644e-08 9.325525418805134e-07 8.429935509428092e-06
-18.330708661417322 2.7337469184513295e-08 8.046092640943936e-07 7.634610278836633e-06
-18.401574803149607 2.2907578291611557e-08 6.930016735374703e-07 6.911344911905971e-06
-18.47244094488189 1.915360969459339e-08 5.9578469403453e-07 6.25389158120835e-06
-18.543307086614174 1.597853016934126e-08 5.112291302248613e-07 5.6565186442917514e-06
-18.614173228346456 1.3298394662989628e-08 4.3779952898150144e-07 5.113970239417313e-06
-18.68503937007874 1.1040693559059572e-08 3.7413413439491216e-07 4.62142880840347e-06
-18.755905511811022 9.142894415244286e-09 3.190267448667115e-07 4.174480446283827e-06
-18.826771653543307 7.551156840208192e-09 2.714102964302087e-07 3.7690827991095705e-06
-18.89763779527559 6.219201345658793e-09 2.303420121394825e-07 3.401535399363851e-06
-18.968503937007874 5.107314997336131e-09 1.9498997316552846e-07 3.068452200487344e-06
-19.039370078740156 4.181478501012331e-09 1.6462098285494385e-07 2.766736233567237e-06
-19.11023622047244 3.412601006197094e-09 1.3858961000390105e-07 2.4935561508957125e-06
-19.181102362204726 2.775850394955538e-09 1.1632831144858634e-07 2.2463246052232662e-06
-19.251968503937007 2.2500681532091623e-09 9.733854622988672e-08 2.0226782502378534e-06
-19.322834645669293 1.8172591030675351e-09 8.118280358564857e-08 1.8204593303056078e-06
-19.393700787401574 1.4621473173819984e-09 6.747747460204356e-08 1.6376986657349778e-06
-19.46456692913386 1.1717904533873731e-09 5.5886502477522404e-08 1.472599994271057e-06
-19.53543307086614 9.352455467683632e-10 4.6115749283924256e-08 1.3235255205281343e-06
-19.606299212598426 7.432800172366412e-10 3.7908018343031823e-08 1.1889826234914366e-06
-19.677165354330707 5.881222696486205e-10 3.103867155942824e-08 1.067611610415161e-06
-19.748031496062993 4.6324684747555376e-10 2.531178101119456e-08 9.581744520900827e-07
-19.818897637795274 3.631896221952319e-10 2.0556754514370453e-08 8.595444156938748e-07
-19.88976377952756 2.8338899358858804e-10 1.6625376307023763e-08 7.706965416896615e-07
-19.960629921259844 2.2004953830669209e-10 1.338920678373984e-08 6.906988872363258e-07
-20.031496062992126 1.7002497981393684e-10 1.0737289432057371e-08 6.187044836513149e-07
-20.102362204724407 1.307177607130364e-10 8.57411860983266e-09 5.539439545279346e-07
-20.173228346456693 9.999287541986797e-11 6.817828195014761e-09 4.957187394097622e-07
-20.244094488188978 7.610396290460914e-11 5.3985679510272935e-09 4.4339488264835023e-07
-20.31496062992126 5.762996220661737e-11 4.257041170397856e-09 3.9639733250012117e-07
-20.385826771653544 4.342089544496807e-11 3.3431833190730766e-09 3.542047231866081e-07
-20.456692913385826 3.255156393310876e-11 2.614966652030056e-09 3.1634459206377583e-07
-20.52755905511811 2.428212484905161e-11 2.037319896292449e-09 2.8238900386423927e-07
-20.598425196850393 1.802466263781246e-11 1.5811550430133189e-09 2.5195054302805684e-07
-20.669291338582678 1.3314986249984472e-11 1.2224951301879967e-09 2.24678652969982e-07
-20.74015748031496 9.788976373072125e-12 9.416978044539053e-10 2.0025628551339373e-07
-20.811023622047244 7.1628819117109175e-12 7.227696552571137e-10 1.7839684291326374e-07
-20.881889763779526 5.2170274135391385e-12 5.527660626981251e-10 1.5884138250641032e-07
-20.95275590551181 3.7824472356296145e-12 4.21270820565142e-10 1.4135606752507023e-07
-21.023622047244096 2.7300111842669927e-12 3.199492761320944e-10 1.257298399764444e-07
-21.094488188976378 1.961652176446752e-12 2.421683035256247e-10 1.117722990373536e-07
-21.16535433070866 1.4033502238886655e-12 1.8267617971086215e-10 9.931176781483563e-08
-21.236220472440944 9.995690591849176e-13 1.373353947957201e-10 8.819353207999052e-08
-21.30708661417323 7.088818218762049e-13 1.02901597956974e-10 7.827823639600219e-08
-21.37795275590551 5.005599829577038e-13 7.684222777429038e-11 6.944042560943026e-08
-21.448818897637796 3.519346193811496e-13 5.718885832391732e-11 6.156721753815858e-08
-21.519685039370078 2.4637083483486124e-13 4.2417863048692505e-11 5.455709581737524e-08
-21.590551181102363 1.7172428919430374e-13 3.1354612738202494e-11 4.831881507739755e-08
-21.661417322834644 1.1917334557895035e-13 2.3097044256399416e-11 4.2770404925561876e-08
-21.73228346456693 8.234133324681581e-14 1.6955034036090945e-11 3.783826694642974e-08
-21.803149606299215 5.664105595899757e-14 1.2402564911677481e-11 3.345635501677111e-08
-21.874015748031496 3.878824425527702e-14 9.040174552095e-12 2.9565432765869108e-08
-21.944881889763778 2.6442503855214668e-14 6.56561331770394e-12 2.6112400205925443e-08
-22.015748031496063 1.7943826656951005e-14 4.7510183046171666e-12 2.3049684598865595e-08
-22.086614173228348 1.212026896815995e-14 3.4252316004087125e-12 2.0334687864169287e-08
-22.15748031496063 8.148306908465721e-15 2.460159319171233e-12 1.792928821710223e-08
-22.22834645669291 5.451956877750416e-15 1.7602898187309666e-12 1.579938855128892e-08
-22.299212598425196 3.630264490406374e-15 1.2546708966106994e-12 1.3914508451018169e-08
-22.37007874015748 2.4054420986710466e-15 8.907928353881125e-13 1.2247416282679395e-08
-22.440944881889763 1.5859571496647084e-15 6.29942503866544e-13 1.0773796226219474e-08
-22.511811023622048 1.0403901675000322e-15 4.436883389703825e-13 9.471949000817293e-09
-22.58267716535433 6.790111510813837e-16 3.1123123015852416e-13 8.322520893878161e-09
-22.653543307086615 4.408597033450612e-16 2.17415785417633e-13 7.308260491279222e-09
-22.724409448818896 2.847298715574876e-16 1.5124323926228772e-13 6.413798732380126e-09
-22.79527559055118 1.8291126780761662e-16 1.0476389865422914e-13 5.625452381970215e-09
-22.866141732283467 1.168658798757623e-16 7.225558887227817e-14 4.9310451651764795e-09
-22.937007874015748 7.425732256839631e-17 4.961673789198645e-14 4.319749095328659e-09
-23.00787401574803 4.69201007963342e-17 3.3919881060854533e-14 3.7819400429095115e-09
-23.078740157480315 2.947880685377425e-17 2.308456403185672e-14 3.309069903277253e-09
-23.1496062992126 1.8414281955734884e-17 1.563873690328433e-14 2.893549869042993e-09
-23.22047244094488 1.1435511597611398e-17 1.054545204870279e-14 2.528647679986565e-09
-23.291338582677163 7.059496773138136e-18 7.077544951083549e-15 2.2083937737597014e-09
-23.362204724409448 4.331816116455145e-18 4.727416111949567e-15 1.9274988586687906e-09
-23.433070866141733 2.6418285615755564e-18 3.142375675333708e-15 1.6812785706490732e-09
-23.503937007874015 1.6011690462781137e-18 2.078520121472394e-15 1.4655874376084844e-09
-23.5748031496063 9.643323257633369e-19 1.3679821942868914e-15 1.2767585374207282e-09
-23.645669291338585 5.770742526736056e-19 8.957862791983875e-16 1.1115509252850798e-09
-23.716535433070867 3.43091523601372e-19 5.835703537522611e-16 9.671013037685088e-10
-23.787401574803148 2.0263707645965994e-19 3.7819294197051627e-16 8.408821731289722e-10
-23.858267716535433 1.1888177065524356e-19 2.437984575787039e-16 7.306633940158523e-10
-23.92913385826772 6.927160710855527e-20 1.5631879133952153e-16 6.34478804880876e-10
-24.0 4.0086179285412635e-20 9.968249578898926e-17 5.505957770297379e-10
