UVLF_best-fit-model_z4.3.ecsv
# %ECSV 1.0
# ---
# datatype:
# - {name: MUV, unit: mag(AB), datatype: float64}
# - {name: Phi_16, unit: 1 / (mag Mpc3), datatype: float64}
# - {name: Phi_50, unit: 1 / (mag Mpc3), datatype: float64}
# - {name: Phi_84, unit: 1 / (mag Mpc3), datatype: float64}
# meta: !!omap
# - {Description: Best fit UVLF at z~4.3}
# schema: astropy-2.0
MUV Phi_16 Phi_50 Phi_84
-16.0 0.02042913897853137 0.02543907348278945 0.03069528026834248
-16.029411764705884 0.020135179427018077 0.02503953608115182 0.03014902719573325
-16.058823529411764 0.019841219875504818 0.024639998679514236 0.02960277412312409
-16.08823529411765 0.0195520083097954 0.024233823698725926 0.02907305006455097
-16.11764705882353 0.019263580815136197 0.02382655260394948 0.028546055567928826
-16.147058823529413 0.018975931265263635 0.023432936969111393 0.028050407339097635
-16.176470588235293 0.01868858947376825 0.023044723494248985 0.027567159831590415
-16.205882352941178 0.018402789592979505 0.022671967874310018 0.027092001095279025
-16.235294117647058 0.018118130303672448 0.022310646831985727 0.026622825833550957
-16.264705882352942 0.017839164263936263 0.021949737095922663 0.026153657916387425
-16.294117647058822 0.017567651205456575 0.021589365797147122 0.025684499613926697
-16.323529411764707 0.01730294293094306 0.02123240623133588 0.025221252440940242
-16.352941176470587 0.017054786833644663 0.020883745475437945 0.024772383690999506
-16.38235294117647 0.016806811381248756 0.02053548716625178 0.024331141814652853
-16.41176470588235 0.01655986275250929 0.020189516448901244 0.023933252693472917
-16.441176470588236 0.016312906282128985 0.01984370751117076 0.0235353249693467
-16.470588235294116 0.016064961765006987 0.019518282805571902 0.023132533273995
-16.5 0.015817017247884962 0.019192858099973006 0.022729741578643253
-16.529411764705884 0.015572323593326604 0.01888034366871785 0.022313101674035277
-16.558823529411764 0.015328132344800844 0.01856982446167949 0.02189432159163321
-16.58823529411765 0.015094578188170124 0.018262944455526956 0.021500894700100574
-16.61764705882353 0.014865070751282124 0.01795744892797235 0.021117113044224853
-16.647058823529413 0.014639987333925693 0.017659594172477804 0.020740352139464627
-16.676470588235293 0.014418072471098674 0.017367211861837147 0.020368619610503416
-16.705882352941178 0.014198785484241878 0.01707650613714192 0.020002826754036293
-16.735294117647058 0.013982830268704527 0.0167879260839133 0.01964456455376714
-16.764705882352942 0.013768542115999208 0.016501492179056405 0.019287263499014978
-16.794117647058822 0.013558158399926894 0.016220084779596543 0.018932213548236966
-16.823529411764707 0.013347654601499781 0.015941329826974885 0.01857790515606277
-16.852941176470587 0.013136508362474653 0.01567676546493782 0.018227564102419217
-16.88235294117647 0.012925587415150144 0.015412347280073945 0.017877594301663066
-16.91176470588235 0.012728747199115886 0.015157065168536528 0.01755082780637207
-16.941176470588236 0.012531906983081603 0.014901783056999079 0.017224061311081038
-16.970588235294116 0.012341755836403944 0.01464699734099873 0.0169189492825916
-17.0 0.01215256887990379 0.014392283177508198 0.016616958618686128
-17.029411764705884 0.011963792998796336 0.014144621924321709 0.016313089301767877
-17.058823529411764 0.011775167403316345 0.013899539154472213 0.016008533165468648
-17.08823529411765 0.011594495614261256 0.013659936316345923 0.015713195460903016
-17.11764705882353 0.011419338464327466 0.013424132897547767 0.015424249202339405
-17.147058823529413 0.011243637405560723 0.013188475697718891 0.015142434012606952
-17.176470588235293 0.011067268388578121 0.012952998065045334 0.014869376275825123
-17.205882352941178 0.010888787284924996 0.012720342890618682 0.014596338799675408
-17.235294117647058 0.01070554044724614 0.012494056339928733 0.014323347039823905
-17.264705882352942 0.01052571659576737 0.012269605688603578 0.014053623615366604
-17.294117647058822 0.010363170674632032 0.012054421957881844 0.01380039750289928
-17.323529411764707 0.010200523882530928 0.011839564395526534 0.013547353531092085
-17.352941176470587 0.010033707757179048 0.011638188458984582 0.013301838039904866
-17.38235294117647 0.009866891631827149 0.011436812522442608 0.013056322548717619
-17.41176470588235 0.009715459667796798 0.011231900554687885 0.012808873808446256
-17.441176470588236 0.00956608808251485 0.011026515011324284 0.012561166150886809
-17.470588235294116 0.009416141632202477 0.010826249149312411 0.012327819899741538
-17.5 0.009265993367570889 0.010627780622243132 0.012099515418933124
-17.529411764705884 0.00911264502413217 0.01043590112493699 0.011875523437582507
-17.558823529411764 0.008957149259388683 0.010248443213392978 0.011654425370341759
-17.58823529411765 0.008806682884005717 0.010066561063613332 0.011435944737369613
-17.61764705882353 0.008662199747689621 0.009891312147656862 0.011220577948613628
-17.647058823529413 0.008519789650706067 0.009714216734820088 0.011005437802365407
-17.676470588235293 0.008381888414270849 0.009533105191268721 0.01079079060357166
-17.705882352941178 0.008242585479316791 0.009353810094779298 0.010577517194783868
-17.735294117647058 0.008096592619613822 0.009183184404721996 0.010370800511024637
-17.764705882352942 0.007951120909006577 0.009012695126350983 0.01016440348131549
-17.794117647058822 0.007821674533093488 0.00884640050733403 0.009967835813647151
-17.823529411764707 0.007692228157180385 0.008680105888317054 0.009771268145978788
-17.852941176470587 0.0075572955191128945 0.008514304529078877 0.009575263827031975
-17.88235294117647 0.007421683167150152 0.008348564281671678 0.009379329303501962
-17.91176470588235 0.007287410827028179 0.008194867341102748 0.009191493697082439
-17.941176470588236 0.0071535898593157055 0.008045227093363529 0.009006386146952736
-17.970588235294116 0.007028696619650604 0.007896171724255331 0.008824562563751335
-18.0 0.006909600605990267 0.00774749614646595 0.008644871426607238
-18.029411764705884 0.006790906754234051 0.007602548171300818 0.008468042789217313
-18.058823529411764 0.006672676411113109 0.00746189641610941 0.008294513304086456
-18.08823529411765 0.006553262216853687 0.007323243843192903 0.00812461726428174
-18.11764705882353 0.0064313648226453045 0.007188784676999408 0.007962342597600215
-18.147058823529413 0.006310696165787775 0.007053676324283222 0.007800256805141809
-18.176470588235293 0.006195583538690706 0.00691563251946452 0.007639025052648918
-18.205882352941178 0.006080541631523971 0.006777556305527006 0.007478048223165189
-18.235294117647058 0.005967225290657758 0.006638689309090905 0.007323291515105484
-18.264705882352942 0.0058539089497915316 0.006499822312654789 0.007168534807045762
-18.294117647058822 0.00574516806616318 0.006368328858308327 0.007016122941190269
-18.323529411764707 0.005636948945202291 0.006237676246480843 0.006863978469621202
-18.352941176470587 0.005532292251365787 0.006111188637240182 0.006718878202635138
-18.38235294117647 0.005428785924621515 0.0059860459767514945 0.006576052626712312
-18.41176470588235 0.005325105515097561 0.005865935171188848 0.006435030360682713
-18.441176470588236 0.005221315745878658 0.0057489854026951 0.006295140943175756
-18.470588235294116 0.00512056396141606 0.005631968122397559 0.006159447648709618
-18.5 0.005023204593264643 0.0055148754539190836 0.00602844002497236
-18.529411764705884 0.004924015511492329 0.00539902745830077 0.005899365405131006
-18.558823529411764 0.004821123437868213 0.005285698443470893 0.0057742028169837575
-18.58823529411765 0.004719330275648855 0.005172936420421326 0.005648798046767608
-18.61764705882353 0.004622253274874977 0.005062607737095658 0.00552235391183917
-18.647058823529413 0.004525299467409 0.004952266590195567 0.005396379058301424
-18.676470588235293 0.0044308300583193105 0.0048416740945448865 0.005279868046142943
-18.705882352941178 0.004336360649229609 0.004731081598894193 0.0051633570339844476
-18.735294117647058 0.004242144548153886 0.004625841770761659 0.005047922711360231
-18.764705882352942 0.004147954879218738 0.004521160481848397 0.004932600738948272
-18.794117647058822 0.004055678395830714 0.004418647837588042 0.004822140196017756
-18.823529411764707 0.0039639936193129185 0.004316805908168775 0.004713183187978389
-18.852941176470587 0.00387496940635196 0.004217766113954131 0.004605901102121224
-18.88235294117647 0.0037875617383369095 0.00412042888290177 0.004499636690501325
-18.91176470588235 0.0037010864213946446 0.004023300522861214 0.004395243111145094
-18.941176470588236 0.0036156198777442246 0.003926398154407178 0.004292873710959366
-18.970588235294116 0.0035305796776858886 0.0038317781733836014 0.004190338471221817
-19.0 0.0034463723348771747 0.0037416168096660075 0.004087479265848112
-19.029411764705884 0.0033628074630591234 0.003652041582221369 0.003985023093132868
-19.058823529411764 0.003281863872882985 0.0035648577907703986 0.0038842112936641484
-19.08823529411765 0.003201275480870633 0.0034777382990569005 0.0037837856431703625
-19.11764705882353 0.0031267762002376615 0.0033917210885574057 0.003689979689389941
-19.147058823529413 0.0030522769196046806 0.0033057038780579004 0.003596173735609508
-19.176470588235293 0.0029793208636130636 0.0032238495009223015 0.00350440584051469
-19.205882352941178 0.002906511147889153 0.0031423898752263734 0.0034128312096055645
-19.235294117647058 0.002834715791311488 0.0030631820456912973 0.003326301924774359
-19.264705882352942 0.002763220602236272 0.002984640563999727 0.0032412656505172188
-19.294117647058822 0.002693254611736602 0.002907985306482582 0.0031585140901662055
-19.323529411764707 0.002624187025400052 0.0028324382056678973 0.0030771047992350265
-19.352941176470587 0.0025565669586076678 0.002759261714301897 0.002996888216308009
-19.38235294117647 0.0024904644526276996 0.0026885705392933707 0.0029179220530627537
-19.41176470588235 0.0024247621747129785 0.0026180262033806316 0.002840617428224273
-19.441176470588236 0.0023598148724667685 0.002547758859398557 0.0027664470690167272
-19.470588235294116 0.0022949130421009755 0.002478016350961453 0.002692766928133838
-19.5 0.0022301878525013766 0.0024103126267566947 0.0026209910968966878
-19.529411764705884 0.0021657729432588303 0.0023428453590255086 0.002549494582651713
-19.558823529411764 0.0021059734543274504 0.002278895381338722 0.002482152908665367
-19.58823529411765 0.002046173965396063 0.0022149454036519273 0.0024148112346790125
-19.61764705882353 0.001988904713413659 0.00215377458082627 0.0023483505575485246
-19.647058823529413 0.0019318517209995366 0.0020928412926041213 0.0022819651792945973
-19.676470588235293 0.0018751947420116836 0.002033758758034525 0.002218236255856345
-19.705882352941178 0.0018186497668211503 0.001975199668942409 0.0021552586529720104
-19.735294117647058 0.001763829834343978 0.0019181180735135736 0.0020942446990315786
-19.764705882352942 0.0017099895557533954 0.001861875548560171 0.0020343459037506354
-19.794117647058822 0.0016576021594971863 0.0018070661239966447 0.0019758871589267944
-19.823529411764707 0.0016066907071996931 0.001753712547448218 0.001918891322503804
-19.852941176470587 0.0015563208216015786 0.0017017061850480304 0.0018636641024655707
-19.88235294117647 0.0015069377908778704 0.001652154746206839 0.0018116596945062092
-19.91176470588235 0.0014584819591542766 0.001602626049806154 0.0017595117294094667
-19.941176470588236 0.0014134601978014495 0.0015531815846665758 0.0017068320712112829
-19.970588235294116 0.0013683719650390606 0.0015039219122898885 0.0016543518830896458
-20.0 0.0013224122182401198 0.0014570850783599096 0.0016044869693048653
-20.029411764705884 0.0012764524714411788 0.0014102482444299307 0.001554622055520085
-20.058823529411764 0.0012326867145765084 0.0013653709343705472 0.0015065796865744003
-20.088235294117645 0.0011890882959271632 0.0013206430795216322 0.0014586763252859342
-20.11764705882353 0.0011491908546554228 0.0012777306693362719 0.001413186212960638
-20.147058823529413 0.0011102926772756372 0.001235308429210073 0.0013683476778553994
-20.176470588235293 0.0010722021316725003 0.001195325076353616 0.001324842554899786
-20.205882352941178 0.001034554798629712 0.0011566801372427417 0.0012820691825140805
-20.235294117647058 0.0009970551895031013 0.0011185851434884569 0.0012406332119540928
-20.264705882352942 0.000959700996106469 0.0010810315021945558 0.0012005137463162864
-20.294117647058822 0.0009238200007114343 0.0010436729124189581 0.0011609361419757608
-20.323529411764707 0.0008905331148409399 0.001006657782925578 0.0011223126847021729
-20.352941176470587 0.0008571566011521574 0.0009703813749259129 0.0010842644704138894
-20.38235294117647 0.0008234631891058383 0.0009367168750647203 0.0010482501509664825
-20.411764705882355 0.0007900112723430702 0.0009031200056986543 0.0010122882714493219
-20.441176470588236 0.00075938485039785 0.0008703144131255726 0.0009769399391160436
-20.470588235294116 0.0007287584284526299 0.0008375088205524908 0.0009415916067827653
-20.5 0.0007001127489200815 0.0008062242730223147 0.0009080186518965645
-20.529411764705884 0.0006716002285413264 0.0007750419806210737 0.0008745650501160501
-20.558823529411764 0.0006449743305084808 0.0007451420954280242 0.0008434550410947407
-20.588235294117645 0.000618834097633987 0.0007155723348628249 0.0008129483331797601
-20.61764705882353 0.0005928999166484203 0.0006868013046444961 0.0007834854418619459
-20.647058823529413 0.0005670749679895155 0.0006584536977425824 0.0007545758991016679
-20.676470588235293 0.0005422324386341422 0.0006314706216720883 0.0007260233444648704
-20.705882352941178 0.0005183269861529005 0.0006057890980869418 0.0006978113015766168
-20.735294117647058 0.0004950236242785813 0.0005805455895794282 0.0006702825627713757
-20.764705882352942 0.0004727450974798671 0.000556047638650856 0.0006439168947457213
-20.794117647058822 0.0004508643718365246 0.0005319257618550446 0.0006178399536034817
-20.823529411764707 0.000430327939752702 0.0005090747562664803 0.0005927387102051815
-20.852941176470587 0.00040992127621978597 0.00048634780678457186 0.0005676830989539667
-20.88235294117647 0.0003908830810418552 0.00046492908533645583 0.0005431086994356156
-20.911764705882355 0.00037184488586392445 0.0004435103638883398 0.0005185342999172646
-20.941176470588236 0.000354358196379631 0.0004236633143541051 0.0004963336958252102
-20.970588235294116 0.00033696201139413277 0.00040390794568151314 0.0004742715631330228
-21.0 0.0003206292422589116 0.0003852235667472401 0.00045384314400800094
-21.029411764705884 0.00030455711426346474 0.00036680168529784965 0.0004338151448749321
-21.058823529411764 0.00028923934562106746 0.00034930293543169007 0.00041441384759584147
-21.088235294117645 0.0002743077371236825 0.0003322767410188497 0.00039533336198009547
-21.11764705882353 0.0002601097101213477 0.0003157235769441696 0.0003765042214608155
-21.147058823529413 0.00024658969025837896 0.00029960760757597284 0.00035790738474281684
-21.176470588235293 0.00023351030017186496 0.00028403812327510824 0.0003398351084588668
-21.205882352941178 0.00022115611325909494 0.0002693680623142226 0.00032262617122261574
-21.235294117647058 0.00020903666034513383 0.0002549730980163702 0.0003057925063647837
-21.264705882352942 0.00019767618069398168 0.00024146761292898454 0.00029017222219716404
-21.294117647058822 0.0001864240176676793 0.00022804631973116334 0.0002745993032321029
-21.323529411764707 0.00017620988896283908 0.00021543186547498425 0.00025948030079154003
-21.352941176470587 0.00016599576025800008 0.00020281741121880664 0.00024436129835097903
-21.38235294117647 0.00015662868483821022 0.00019138468045249086 0.00023105603517217476
-21.411764705882355 0.00014730361206065432 0.00018001054754517669 0.00021784070947742482
-21.441176470588236 0.0001387658672900262 0.00016930903419180526 0.00020525496187390093
-21.470588235294116 0.0001304115775889732 0.00015876424772478913 0.00019281591207804099
-21.5 0.0001226008628113655 0.00014913587298966455 0.00018131508412292012
-21.529411764705884 0.00011505873799593132 0.00013996031346324018 0.00017027784813616534
-21.558823529411764 0.00010795854138599051 0.000131172327790919 0.0001596775465314548
-21.588235294117645 0.00010125410137798327 0.00012273142318197286 0.00014946852944797668
-21.61764705882353 9.477033323392937e-05 0.00011462597094401343 0.00013966244262613527
