UVLF_prediction_z12.ecsv
# %ECSV 1.0
# ---
# datatype:
# - {name: MUV, unit: mag(AB), datatype: float64}
# - {name: Phi_fiducial, datatype: float64}
# - {name: Phi_sfe, datatype: float64}
# - {name: Phi_sigma, datatype: float64}
# meta: !!omap
# - {Description: 'UVLF predictions at z=12. This includes the 1) Fiducial model 2) increasing SFE=0.7, 3) Increasing sigma_UV=1.6'}
# - Fiducial model parameters: {alpha_sat: 0.8867630869374541, beta: 0.700077045725375, eps0: 0.23318140044525226, gamma: 0.5303124865141149,
#     logMc: 11.969330956585615, logMcut: 11.784692481369536, logMsat: 12.868572017298623, sigma_UV: 0.5343856713984909}
# schema: astropy-2.0
MUV Phi_fiducial Phi_sfe Phi_sigma
-15.0 0.0029484772184653588 0.009522585973141555 0.009522585973141555
-15.070866141732283 0.0027396338284139507 0.008908115796837741 0.008908115796837741
-15.141732283464567 0.0025444146529011356 0.008330157644976452 0.008330157644976452
-15.21259842519685 0.002362006417396263 0.007786722524620207 0.007786722524620207
-15.283464566929133 0.0021916399281900556 0.007275920287417665 0.007275920287417665
-15.354330708661417 0.0020325879162499147 0.006795955161084801 0.006795955161084801
-15.4251968503937 0.0018841629755862953 0.00634512146569196 0.00634512146569196
-15.496062992125985 0.0017457155925929258 0.005921799507625941 0.005921799507625941
-15.566929133858268 0.0016166322629630576 0.005524451644350394 0.005524451644350394
-15.637795275590552 0.0014963336928962936 0.005151618513332015 0.005151618513332015
-15.708661417322835 0.0013842730813981752 0.004801915418732427 0.004801915418732427
-15.779527559055119 0.0012799344805382632 0.00447402886968722 0.00447402886968722
-15.850393700787402 0.0011828312305815058 0.004166713264209853 0.004166713264209853
-15.921259842519685 0.001092504466946562 0.0038787877129674094 0.0038787877129674094
-15.992125984251969 0.0010085216959851014 0.0036091329973849803 0.0036091329973849803
-16.062992125984252 0.0009304754366226099 0.003356688656744369 0.003356688656744369
-16.133858267716537 0.0008579819249636652 0.003120450199157954 0.003120450199157954
-16.20472440944882 0.0007906798790422942 0.00289946643151046 0.00289946643151046
-16.275590551181104 0.0007282293209992424 0.0026928369036908813 0.0026928369036908813
-16.346456692913385 0.000670310454082031 0.002499709462650793 0.002499709462650793
-16.41732283464567 0.0006166225919950137 0.0023192779120492753 0.0023192779120492753
-16.488188976377952 0.0005668831382650935 0.0021507797734542436 0.0021507797734542436
-16.559055118110237 0.0005208266134290128 0.001993494145265138 0.001993494145265138
-16.62992125984252 0.0004782037279852219 0.0018467396556962204 0.0018467396556962204
-16.700787401574804 0.00043878049918030776 0.0017098725063033468 0.0017098725063033468
-16.771653543307085 0.0004023374098147981 0.0015822846026520027 0.0015822846026520027
-16.84251968503937 0.0003686686073516421 0.0014634017688006074 0.0014634017688006074
-16.913385826771652 0.0003375811416942184 0.0013526820423196224 0.0013526820423196224
-16.984251968503937 0.00030889424006783116 0.0012496140465806866 0.0012496140465806866
-17.055118110236222 0.00028243861749333363 0.0011537154370433195 0.0011537154370433195
-17.125984251968504 0.00025805582138439153 0.001064531418243415 0.001064531418243415
-17.19685039370079 0.00023559760883569498 0.0009816333281646248 0.0009816333281646248
-17.26771653543307 0.00021492535520032868 0.0009046172866597418 0.0009046172866597418
-17.338582677165356 0.00019590949258525893 0.0008331029046053054 0.0008331029046053054
-17.409448818897637 0.0001784289769276658 0.0007667320505341656 0.0007667320505341656
-17.480314960629922 0.00016237078235643322 0.0007051676716240608 0.0007051676716240608
-17.551181102362204 0.00014762942159638647 0.0006480926661463532 0.0006480926661463532
-17.62204724409449 0.0001341064912418136 0.0005952088048258431 0.0005952088048258431
-17.69291338582677 0.00012171024081350371 0.0005462356990480283 0.0005462356990480283
-17.763779527559056 0.00011035516462077423 0.0005009098144856461 0.0005009098144856461
-17.834645669291337 9.996161557477952e-05 0.0004589835294920024 0.0004589835294920024
-17.905511811023622 9.045544023563747e-05 0.000420224238487582 0.000420224238487582
-17.976377952755904 8.176763451212737e-05 0.00038441350147633605 0.00038441350147633605
-18.04724409448819 7.383401955275531e-05 0.0003513462416583188 0.0003513462416583188
-18.118110236220474 6.659493744995499e-05 0.0003208299937097537 0.0003208299937097537
-18.188976377952756 5.999496640296005e-05 0.0002926842055134771 0.0002926842055134771
-18.25984251968504 5.398265492815381e-05 0.00026673959577593173 0.00026673959577593173
-18.330708661417322 4.851027455456701e-05 0.00024283756893148675 0.00024283756893148675
-18.401574803149607 4.353359019327318e-05 0.0002208296869503418 0.0002208296869503418
-18.47244094488189 3.9011647035863144e-05 0.00020057719518075745 0.00020057719518075745
-18.543307086614174 3.4906572450094937e-05 0.00018195059634668146 0.00018195059634668146
-18.614173228346456 3.1183390949199706e-05 0.0001648292636013204 0.0001648292636013204
-18.68503937007874 2.7809849977541947e-05 0.0001491010805321129 0.0001491010805321129
-18.755905511811022 2.4756254047296375e-05 0.00013466209371391526 0.00013466209371391526
-18.826771653543307 2.1995304740195252e-05 0.00012141616229603599 0.00012141616229603599
-18.89763779527559 1.9501944299287007e-05 0.00010927458957110714 0.00010927458957110714
-18.968503937007874 1.7253200992474572e-05 9.815572371346893e-05 9.815572371346893e-05
-19.039370078740156 1.522803511020327e-05 8.798451885205646e-05 8.798451885205646e-05
-19.11023622047244 1.3407185303862827e-05 7.869205304464264e-05 7.869205304464264e-05
-19.181102362204726 1.1773015885875573e-05 7.021500598157514e-05 7.021500598157514e-05
-19.251968503937007 1.0309366583620206e-05 6.249510561929456e-05 6.249510561929456e-05
-19.322834645669293 9.001406949947557e-06 5.547855860253878e-05 5.547855860253878e-05
-19.393700787401574 7.835498081967938e-06 4.911548351009962e-05 4.911548351009962e-05
-19.46456692913386 6.7990644186727425e-06 4.335936806387675e-05 4.335936806387675e-05
-19.53543307086614 5.880478154244237e-06 3.816657116817377e-05 3.816657116817377e-05
-19.606299212598426 5.068958244729743e-06 3.349588802112172e-05 3.349588802112172e-05
-19.677165354330707 4.354485174271744e-06 2.9308191916922114e-05 2.9308191916922114e-05
-19.748031496062993 3.727731690189649e-06 2.556616035597452e-05 2.556616035597452e-05
-19.818897637795274 3.1800087372028545e-06 2.2234086482239763e-05 2.2234086482239763e-05
-19.88976377952756 2.7032249401721176e-06 1.927777049111223e-05 1.927777049111223e-05
-19.960629921259844 2.2898573011463316e-06 1.6664480226002622e-05 1.6664480226002622e-05
-20.031496062992126 1.932930355465013e-06 1.4362966248850445e-05 1.4362966248850445e-05
-20.102362204724407 1.626000897914572e-06 1.2343514521714612e-05 1.2343514521714612e-05
-20.173228346456693 1.3631455285719074e-06 1.057801950449672e-05 1.057801950449672e-05
-20.244094488188978 1.1389486313065591e-06 9.040061756178452e-06 9.040061756178452e-06
-20.31496062992126 9.484889167372985e-07 7.704976651271547e-06 7.704976651271547e-06
-20.385826771653544 7.873232577857352e-07 6.5499041243489995e-06 6.5499041243489995e-06
-20.456692913385826 6.514671452653594e-07 5.5538129552814646e-06 5.5538129552814646e-06
-20.52755905511811 5.373716314867278e-07 4.697496581385731e-06 4.697496581385731e-06
-20.598425196850393 4.418970685733266e-07 3.963540444942651e-06 3.963540444942651e-06
-20.669291338582678 3.622842625029017e-07 3.3362632513165548e-06 3.3362632513165548e-06
-20.74015748031496 2.961238502333784e-07 2.801636140532963e-06 2.801636140532963e-06
-20.811023622047244 2.413247771692582e-07 2.3471846824837023e-06 2.3471846824837023e-06
-20.881889763779526 1.9608272721096286e-07 1.9618788863913577e-06 1.9618788863913577e-06
-20.95275590551181 1.5884926404942022e-07 1.6360162057347281e-06 1.6360162057347281e-06
-21.023622047244096 1.2830230691180257e-07 1.3611019723190042e-06 1.3611019723190042e-06
-21.094488188976378 1.0331841033018422e-07 1.129730951628239e-06 1.129730951628239e-06
-21.16535433070866 8.294716451013613e-08 9.354728975631987e-07 9.354728975631987e-07
-21.236220472440944 6.638789369268354e-08 7.72764189837517e-07 7.72764189837517e-07
-21.30708661417323 5.296871232378057e-08 6.368069224298534e-07 6.368069224298534e-07
-21.37795275590551 4.212790612133339e-08 5.234762097767989e-07 5.234762097767989e-07
-21.448818897637796 3.3397537110932835e-08 4.292360000497657e-07 4.292360000497657e-07
-21.519685039370078 2.638912601055351e-08 3.510633276342824e-07 3.510633276342824e-07
-21.590551181102363 2.078123840105929e-08 2.863806861443999e-07 2.863806861443999e-07
-21.661417322834644 1.630878894574697e-08 2.3299604070661015e-07 2.3299604070661015e-07
-21.73228346456693 1.275387668727234e-08 1.8904990473471726e-07 1.8904990473471726e-07
-21.803149606299215 9.937970795077888e-09 1.5296886423512833e-07 1.5296886423512833e-07
-21.874015748031496 7.715277320644513e-09 1.2342492669250045e-07 1.2342492669250045e-07
-21.944881889763778 5.967131426966518e-09 9.930008967126965e-08 9.930008967126965e-08
-22.015748031496063 4.597274660555586e-09 7.965555722531029e-08 7.965555722531029e-08
-22.086614173228348 3.527892070296208e-09 6.370507339459723e-08 6.370507339459723e-08
-22.15748031496063 2.6962986678641977e-09 5.079188688824084e-08 5.079188688824084e-08
-22.22834645669291 2.052178464375847e-09 4.036890648152335e-08 4.036890648152335e-08
-22.299212598425196 1.555291900226356e-09 3.1981650815241216e-08 3.1981650815241216e-08
-22.37007874015748 1.173578831962764e-09 2.5253638075095558e-08 2.5253638075095558e-08
-22.440944881889763 8.815943567471852e-10 1.9873899884561093e-08 1.9873899884561093e-08
-22.511811023622048 6.592236984516154e-10 1.5586339436301126e-08 1.5586339436301126e-08
-22.58267716535433 4.906302304958003e-10 1.2180686388903998e-08 1.2180686388903998e-08
-22.653543307086615 3.6339756490450894e-10 9.484830466110595e-09 9.484830466110595e-09
-22.724409448818896 2.6783259169797303e-10 7.358342179650988e-09 7.358342179650988e-09
-22.79527559055118 1.964015037614426e-10 5.687012844993538e-09 5.687012844993538e-09
-22.866141732283467 1.4327527977347585e-10 4.378267284696843e-09 4.378267284696843e-09
-22.937007874015748 1.0396490594371192e-10 3.3573215192828943e-09 3.3573215192828943e-09
-23.00787401574803 7.502987242955572e-11 2.563974535460922e-09 2.563974535460922e-09
-23.078740157480315 5.384625237990938e-11 1.9499380869169026e-09 1.9499380869169026e-09
-23.1496062992126 3.8423022844113046e-11 1.4766216051396639e-09 1.4766216051396639e-09
-23.22047244094488 2.7257273285951986e-11 1.1133008466885503e-09 1.1133008466885503e-09
-23.291338582677163 1.9220618996431657e-11 8.356090357992012e-10 8.356090357992012e-10
-23.362204724409448 1.3470537273334594e-11 6.242981243446677e-10 6.242981243446677e-10
-23.433070866141733 9.381512839716198e-12 4.6422551799973765e-10 4.6422551799973765e-10
-23.503937007874015 6.491849646447108e-12 3.4352833283613654e-10 3.4352833283613654e-10
-23.5748031496063 4.462808823063544e-12 2.52953063004834e-10 2.52953063004834e-10
-23.645669291338585 3.0473931420396942e-12 1.853135609935971e-10 1.853135609935971e-10
-23.716535433070867 2.0666393616892715e-12 1.3505455082281247e-10 1.3505455082281247e-10
-23.787401574803148 1.39172073695876e-12 9.790159664836668e-11 9.790159664836668e-11
-23.858267716535433 9.305194208775651e-13 7.058161059798885e-11 7.058161059798885e-11
-23.92913385826772 6.176167443204846e-13 5.060067369694304e-11 5.060067369694304e-11
-24.0 4.0688051003657316e-13 3.606822343552593e-11 3.606822343552593e-11
