w-theta_best-fit-model_oiii-z7.3.ecsv
# %ECSV 1.0
# ---
# datatype:
# - {name: theta, unit: arcsec, datatype: float64}
# - {name: w_16, datatype: float64}
# - {name: w_50, datatype: float64}
# - {name: w_84, datatype: float64}
# meta: !!omap
# - {Description: 'Best fit angular correlation function for the [OIII] line emitters at z~7.3. Theta is in units of arcsec'}
# schema: astropy-2.0
theta w_16 w_50 w_84
0.2880000000000001 1.5245700391980659 11.926967117774437 55.99091617771896
0.31168443444883503 1.5212271748657424 11.586428378300853 53.656790648446616
0.3373166204086463 1.5193105070888184 11.2448756609975 51.332564113285706
0.36505673632729535 1.519320665007742 10.868550051553306 49.023052549954215
0.39507813334691155 1.5184357692563633 10.424797815969942 46.73983139704565
0.4275684185949081 1.5184000907759854 10.050452810810304 44.49027571914859
0.4627306275622801 1.5184071095867846 9.686082255300512 42.3142777870428
0.5007844928954992 1.515240543398599 9.275352885162995 40.276352095179924
0.5419678175308345 1.5145697985245974 8.922367151698957 38.150288278724425
0.5865379607519694 1.5144939041634393 8.523716604935107 36.06217154622739
0.6347734464574672 1.5081663877635554 8.206591519666482 34.01717770864818
0.6869757036883107 1.5081026764208962 7.881360677020387 32.019491638620465
0.7434709502922972 1.508026846370767 7.512863201945931 30.064821268427657
0.804612231496502 1.5079426025406373 7.164138400655418 28.159175065092082
0.8707816261270913 1.507860105377847 6.861243258231328 26.306445853169407
0.9423926342633985 1.5077108196704752 6.524887871568801 24.540371284782026
1.0198927612469972 1.5014150757089368 6.205180844069089 22.85121640018308
1.1037663141935103 1.4970119164846496 5.824219679879603 21.340339874624938
1.1945374284829147 1.4962788181833604 5.548957095810591 19.76655357314479
1.2927733431411907 1.495604646132773 5.259949041923877 18.269618883316905
1.3990879455815655 1.4920267608257922 4.958327619009442 16.779803062785913
1.5141456078568496 1.4921381341648807 4.650078114187675 15.4521167735704
1.6386653383960057 1.4885819179806943 4.363384861509482 14.269154573307585
1.7734252751696802 1.4837708334273567 4.087751869401584 13.124807534673133
1.919267548362956 1.4832712581891392 3.8747506953192135 11.9486337414824
2.077103542942743 1.4811547113403247 3.72679994024739 10.843137183723238
2.247919594006177 1.484793047982747 3.511224330059118 9.824932949177159
2.4327831505009376 1.4951281769404607 3.3347375290529957 8.880702086536543
2.6328494458352076 1.5079119303125088 3.254818727477684 8.006224842587411
2.8493687170627617 1.512218901097541 3.233032880724677 7.318908906431142
3.0836940177566237 1.5047183300085605 3.154446944651936 6.534541695846233
3.337289673394892 1.5119998538433073 3.0133254727058265 5.774350231616335
3.611740432097305 1.524392041056161 2.8984955961933716 5.111578128197253
3.908761367896666 1.5580267397073035 2.7116985018705826 4.456476497206569
4.230208598431691 1.5539769161460864 2.577145799040567 4.058058018941383
4.578090884037432 1.6143078821107588 2.453949944744296 3.738156202111077
4.954582180717272 1.6512488652219077 2.2979561384576614 3.7165572877977615
5.362035225441441 1.5953131032735817 2.141000287768447 3.559400789698972
5.802996238668218 1.5289772786499343 2.0101674007005697 3.4473260959205123
6.280220835965349 1.47014952798001 1.9169663967481667 3.2179830266117526
6.796691248165449 1.3862040645064355 1.8049210928652528 3.012442478333135
7.355634957665953 1.2983721976166693 1.6936541344706848 2.831802008989557
7.960544867333986 1.2288161975904055 1.5940869683926797 2.6511825573426244
8.615201128054062 1.159607018434154 1.500481203034283 2.4822773132926437
9.323694761321166 1.0950213378512037 1.411433745034548 2.318248822981323
10.090453224499838 1.0269828147534914 1.3171458139526782 2.151237592536339
10.920268078509219 0.9636796982973325 1.2330920416991913 2.013309003394906
11.81832493083268 0.9021208682517159 1.1495148063672116 1.8805378932631645
12.790235840969274 0.8431850013000411 1.0706217283530832 1.7543458699075272
13.842074390832359 0.78827010240081 0.9973999525047814 1.6307082521912142
14.980413639254465 0.7353252387582141 0.928083629405047 1.5133401566570177
16.212367197780008 0.6843096940051066 0.8605920697763942 1.4020280444224114
17.5456336844337 0.6358672061748798 0.7958891103486648 1.2968331240061712
18.98854483326089 0.5907085044019417 0.7371536819007865 1.1992913416283393
20.550117560282178 0.5482446581215196 0.6822635215976766 1.108346689783792
22.24011031122786 0.5079319110794358 0.6302877758909406 1.0222117674728002
24.069084043176243 0.46932321500152924 0.5806265995246808 0.9400682385950047
26.04846822117662 0.43265445360931803 0.5336028097795404 0.8563509525485842
28.190632242277353 0.39836965491466797 0.4898590568418364 0.7848182894967042
30.508962733296215 0.3663653837490883 0.4491422731114325 0.7184400418683716
33.01794720537501 0.33627797217640054 0.410959508146319 0.65636361120093
35.73326458808612 0.3079375922258096 0.37497833425952554 0.5979645435472383
38.67188320884794 0.2811833346622073 0.341194405156271 0.5431784257537172
41.85216682993456 0.25627191178735986 0.3098862999402354 0.4924317212091317
45.29398940571683 0.23314752977880854 0.2808996831488001 0.44552417944060996
49.01885927726518 0.21147102079664756 0.25401478178605674 0.4020368980271468
53.05005358042157 0.19103760838091594 0.2287647426555527 0.36143401266531405
57.412763707271154 0.1717499684060544 0.20482111151119345 0.323208446013261
62.13425273001878 0.15347059145562197 0.18236463436383402 0.28725357018620046
67.24402577103076 0.13632008784227423 0.16137771454888322 0.2538138153439825
72.7740143837035 0.12070741074593742 0.14221503729635054 0.22334856242671858
78.75877609637496 0.1063777605994062 0.12502003291494534 0.19580732651565594
85.23571036625366 0.09314084321673632 0.10902982365447403 0.1702921489374757
92.24529229288359 0.08050084970113378 0.09368237407989424 0.14594302101868278
99.83132555164886 0.06812164885594757 0.07894018547432541 0.12265941401212471
108.04121612792778 0.05643696507392962 0.06513388844435064 0.10050799893701229
116.92626856249139 0.04584601327965159 0.05252044040205636 0.08056710430001691
126.54200655941905 0.03594269126465013 0.04107544238370197 0.06256271521048946
136.94851996004616 0.026711705292688213 0.030117962089310835 0.04526060713782956
148.21084025122215 0.01780218167781156 0.01996056296994081 0.02907594361179015
160.39934695447488 0.009017456120563405 0.010709894112483458 0.014092345797829697
173.59020743565264 -0.0006934508743959806 0.0009385839741482549 0.002439917163955532
187.865852883463 -0.01362873885834488 -0.007972395065909924 -0.005051590748631415
203.31549343135467 -0.02599824300077081 -0.016150182110842598 -0.012007117672840345
220.03567564179727 -0.03765297785020527 -0.02380127861551038 -0.018643479422939323
238.1308858367389 -0.04865188201308106 -0.03095093134429873 -0.024937075292476237
257.71420304452795 -0.05911510349555011 -0.037605545767862354 -0.030889360893098336
278.90800564363167 -0.06897627651375823 -0.044011032617182574 -0.03646704537109838
301.84473611905463 -0.07767273930875086 -0.050058332697865617 -0.041815565675848876
326.6677287105048 -0.08632929812101768 -0.05579272369696252 -0.04679491803604065
353.532105124372 -0.09450226302881952 -0.06113406648559441 -0.05146655943976129
382.60574390693006 -0.10208700707886097 -0.06614574380853605 -0.05594729656894649
414.0703295364836 -0.10932722755529029 -0.07087013883844023 -0.06018547025666891
448.1224877903529 -0.11611280387220384 -0.07531294645326568 -0.06413792769351583
484.9750144817395 -0.1224628724751139 -0.07948374729548477 -0.06782556120689893
524.858205244988 -0.12839120562930326 -0.0834058561738564 -0.07130117798033023
568.0212946792175 -0.1339045805926291 -0.08706609405874666 -0.07456600382211002
614.734013843704 -0.13902252488436792 -0.09042419421913217 -0.0776013624150367
665.2882758379764 -0.1437480362176945 -0.09353756869705342 -0.08040764218136562
719.9999999999999 -0.1480828742521386 -0.09640617277213331 -0.08298482014952183
