w-theta_best-fit-model_ha-z5.4.ecsv
# %ECSV 1.0
# ---
# datatype:
# - {name: theta, unit: arcsec, datatype: float64}
# - {name: w_16, datatype: float64}
# - {name: w_50, datatype: float64}
# - {name: w_84, datatype: float64}
# meta: !!omap
# - {Description: Best fit angular correlation function for the Ha line emitters at z~5.4. Theta is in units of arcsec}
# schema: astropy-2.0
theta w_16 w_50 w_84
0.2880000000000001 7.968111873034579 11.918706984485823 16.147695362492374
0.31168443444883503 7.692340601183884 11.423871247709162 15.502747259649029
0.3373166204086463 7.395018796673249 10.93092049065016 14.860105187345882
0.36505673632729535 7.072871062042495 10.437878913891382 14.197677564360168
0.39507813334691155 6.739202058179984 9.956470386525265 13.526206578199808
0.4275684185949081 6.410354071981199 9.483219715097064 12.868436336458592
0.4627306275622801 6.102672089046119 9.015225431702909 12.221273456917343
0.5007844928954992 5.799648769036488 8.55981942543725 11.591621372919334
0.5419678175308345 5.4936201067658255 8.101822222935109 10.972272698349423
0.5865379607519694 5.191201945572729 7.646426000008455 10.364528837403032
0.6347734464574672 4.893248156931429 7.199581320590296 9.768661051892133
0.6869757036883107 4.599838778575089 6.767676680737235 9.186723568793093
0.7434709502922972 4.314669343192524 6.351042642139511 8.620486145464941
0.804612231496502 4.0456980852817 5.940606197423346 8.070995908196203
0.8707816261270913 3.7899389232216962 5.548965320275203 7.531840696847703
0.9423926342633985 3.5379301726747365 5.1736564800626095 7.028277421592884
1.0198927612469972 3.2924498555703763 4.808199583474918 6.530123239969599
1.1037663141935103 3.0573825709605496 4.454999844347585 6.055515413492276
1.1945374284829147 2.835013680908718 4.1242123833042 5.606693266313583
1.2927733431411907 2.626671422382246 3.8023890308637562 5.185420646318859
1.3990879455815655 2.422170913573016 3.4909543016459375 4.7722951356743595
1.5141456078568496 2.2304968011950566 3.2080962449319137 4.387490179124846
1.6386653383960057 2.04602688492336 2.9436539644892274 4.013695408328874
1.7734252751696802 1.8728907142623676 2.688992508698667 3.657686653158852
1.919267548362956 1.7136364131026613 2.448061957445756 3.3288545440638675
2.077103542942743 1.5607281578170284 2.221692744183259 3.019881672301932
2.247919594006177 1.4224345453073794 2.0092775620650336 2.7270946220527805
2.4327831505009376 1.2865007993846655 1.8074700445665959 2.457632357951097
2.6328494458352076 1.1581908184101515 1.6246206882917402 2.2007315851658458
2.8493687170627617 1.0437118193162929 1.4547311544047916 1.9642569025158771
3.0836940177566237 0.9360409557348288 1.2963580968134483 1.7465592307471483
3.337289673394892 0.8394349020253019 1.1515567235232855 1.5493899542366032
3.611740432097305 0.7478898194036487 1.0152256719673534 1.365822801943559
3.908761367896666 0.6593310480861537 0.8854507954110835 1.1825873862002378
4.230208598431691 0.5648536960996144 0.7517636297448322 0.9967780362977279
4.578090884037432 0.49865315303131863 0.651447029168174 0.8583457335301982
4.954582180717272 0.43377176991716987 0.5508823866513599 0.7230063614903091
5.362035225441441 0.3663333563672212 0.44518120272232087 0.5808696106541519
5.802996238668218 0.3289578702179456 0.3853015452992228 0.48531539261591644
6.280220835965349 0.29540468548955945 0.33555898850601223 0.40389876849505724
6.796691248165449 0.2798760729012056 0.31072459212070147 0.3592816030538873
7.355634957665953 0.26841463668473886 0.29440547497346137 0.3335044492064489
7.960544867333986 0.2587861908771077 0.28550587649682724 0.3143889157739116
8.615201128054062 0.25443550640940926 0.28214191506586894 0.3081184794784893
9.323694761321166 0.25070821820579664 0.28032224534822553 0.30470540264070856
10.090453224499838 0.25023032330181677 0.28066657504842796 0.3038688771758633
10.920268078509219 0.24729056852233575 0.2781545026699854 0.3010109364234967
11.81832493083268 0.24472953913055912 0.2760564039715461 0.29848256939456996
12.790235840969274 0.24120514400372506 0.2732206582500545 0.29460017572177594
13.842074390832359 0.23786460905685727 0.2694043121994679 0.29042608585142315
14.980413639254465 0.2333709995975032 0.26453059130969014 0.28512329971415656
16.212367197780008 0.22811991417815744 0.25860849726150575 0.2787575246232274
17.5456336844337 0.22213905228189212 0.2517707157884382 0.27138659451699726
18.98854483326089 0.21540694049065318 0.24400527916336448 0.2628855004221087
20.550117560282178 0.20804155869076768 0.23546548081405994 0.2536288309405096
22.24011031122786 0.20012971810012956 0.22624507841918803 0.2436438338945344
24.069084043176243 0.19170523067304376 0.2165663358912725 0.23304072125819303
26.04846822117662 0.18297480715931266 0.2064618513299364 0.22191974623870522
28.190632242277353 0.1738983606377037 0.19600366720661622 0.2104286962632931
30.508962733296215 0.16460473601546174 0.18532357293836643 0.19878474366944526
33.01794720537501 0.15526191959882574 0.17460179455737238 0.1870934763720062
35.73326458808612 0.14592712519805073 0.1638577478776188 0.1754678382951029
38.67188320884794 0.13661061831791177 0.15308002764526005 0.16386788726276286
41.85216682993456 0.12733808879150413 0.14233539045681165 0.1523528293562375
45.29398940571683 0.11809360266271432 0.13188387978046068 0.14097742383035908
49.01885927726518 0.10909815365637662 0.12171144724990156 0.1300157393559791
53.05005358042157 0.10034484421128236 0.11188231066930676 0.11941118081215715
57.412763707271154 0.09185661344644647 0.10232846408321303 0.10911871063762386
62.13425273001878 0.08359581070149318 0.09301021731803105 0.09906547643292732
67.24402577103076 0.07554554266880975 0.0839835613802925 0.08929933124476104
72.7740143837035 0.06785120602782381 0.07526586017444573 0.07995775575269116
78.75877609637496 0.0605209618804698 0.06699591554671558 0.07113077749133248
85.23571036625366 0.05364511815225139 0.0592926953041633 0.06287357072000355
92.24529229288359 0.04715165860775168 0.05201014445372512 0.05508059845512098
99.83132555164886 0.0408677339780121 0.04495570007726737 0.04754870263295161
108.04121612792778 0.03466936786926395 0.03809461117161114 0.040255952098609306
116.92626856249139 0.028793983974754057 0.031585594204817324 0.033272295097347915
126.54200655941905 0.02331997604678869 0.02549533732457257 0.02678154163052867
136.94851996004616 0.018174139279082388 0.01980015605246295 0.02073476541688745
148.21084025122215 0.013298852258242478 0.014384274552020251 0.015011690584592037
160.39934695447488 0.008621155390727855 0.009217007869936393 0.009587598240006346
173.59020743565264 0.004020017367769171 0.004324311046937396 0.004553058942460687
187.865852883463 -0.0006857179582497377 -0.00029195653013707953 0.00012887387982072417
203.31549343135467 -0.005257348828785295 -0.0046379485041235895 -0.00392993836249953
220.03567564179727 -0.009621729031302477 -0.008789696380295111 -0.007733448454578519
238.1308858367389 -0.013720457827815514 -0.012722758376071376 -0.011315588951093778
257.71420304452795 -0.017642651536055792 -0.01643990442954049 -0.014740436492650848
278.90800564363167 -0.021335001307184118 -0.019957888835967698 -0.01799864216293052
301.84473611905463 -0.024849390738668205 -0.02329425960230474 -0.02107878032760463
326.6677287105048 -0.02816478144191194 -0.026471126605278398 -0.024032186235315958
353.532105124372 -0.031295646270788305 -0.02946755356282384 -0.026781478462458777
382.60574390693006 -0.034258781029722685 -0.032281377255679505 -0.02935757443856526
414.0703295364836 -0.03705828876101235 -0.034948701573862886 -0.03181181907316776
448.1224877903529 -0.03969257550280546 -0.037483147201430894 -0.034150493681582954
484.9750144817395 -0.04216842512725499 -0.03985180335422993 -0.036352536986448726
524.858205244988 -0.04448294731704562 -0.04207727378413399 -0.03842173961673046
568.0212946792175 -0.046651181040042435 -0.0441635593181682 -0.04034978225923582
614.734013843704 -0.04867423837268542 -0.04609920938098652 -0.042112061895981386
665.2882758379764 -0.05055802006844304 -0.04790426780347785 -0.04377800533082169
719.9999999999999 -0.05230216999148214 -0.049578711272154435 -0.04529991329226593
