w-theta_best-fit-model_ha-z4.3.ecsv
# %ECSV 1.0
# ---
# datatype:
# - {name: theta, unit: arcsec, datatype: float64}
# - {name: w_16, datatype: float64}
# - {name: w_50, datatype: float64}
# - {name: w_84, datatype: float64}
# meta: !!omap
# - {Description: Best fit angular correlation function for the Ha line emitters at z~4.3. Theta is in units of arcsec}
# schema: astropy-2.0
theta w_16 w_50 w_84
0.2880000000000001 2.564493464525794 4.9028599582636465 6.877727154017258
0.31168443444883503 2.4715908430469 4.703471991473863 6.60151379091432
0.3373166204086463 2.370425404137238 4.502085496330775 6.3246745320498405
0.36505673632729535 2.261378267090764 4.299931615623473 6.050249007455888
0.39507813334691155 2.1533230033836537 4.102029982827606 5.780377742990948
0.4275684185949081 2.0465176796689732 3.9078794709177345 5.514982904336382
0.4627306275622801 1.9412118447450257 3.706760577509482 5.246284881481231
0.5007844928954992 1.8379174935608837 3.517005962105376 4.978524961293385
0.5419678175308345 1.7365889277417934 3.3358973997444528 4.709043343024381
0.5865379607519694 1.63745537353586 3.1615921177074346 4.443797184003597
0.6347734464574672 1.5445040779116896 2.986824834316666 4.187046494854306
0.6869757036883107 1.4669579213084492 2.808896174001601 3.93603200425417
0.7434709502922972 1.3915598541275171 2.6308806956763697 3.6920870163346353
0.804612231496502 1.3174637334216137 2.469991593557696 3.4617092016642217
0.8707816261270913 1.2362688489435456 2.305430490913009 3.237478571215547
0.9423926342633985 1.1586245415703116 2.149638075806715 3.018158199832094
1.0198927612469972 1.0813570450223406 2.004560992067205 2.8128024743755806
1.1037663141935103 1.0050468615083556 1.86879540461153 2.6159390201603916
1.1945374284829147 0.9314900869542524 1.7317499894586867 2.43077952926011
1.2927733431411907 0.86243752501551 1.5998513109063188 2.2414301580861475
1.3990879455815655 0.7963708451151057 1.472220334666374 2.0635939538564645
1.5141456078568496 0.7344931466558159 1.351246104380992 1.906190464343488
1.6386653383960057 0.6754525859470749 1.2424074796443882 1.7425508796489992
1.7734252751696802 0.6190630671937111 1.1342364124244915 1.58940058382114
1.919267548362956 0.5684467713084298 1.034957474211828 1.4475321139738577
2.077103542942743 0.5187020752951181 0.9422316736280194 1.3173527516798775
2.247919594006177 0.4734570578010595 0.8537627840049414 1.1945744445140547
2.4327831505009376 0.43136836091153147 0.770402047464736 1.0851599959162872
2.6328494458352076 0.3917226277195453 0.6977982519589928 0.9752425760196903
2.8493687170627617 0.35566103871305726 0.6259143758075119 0.8756209739712632
3.0836940177566237 0.3215374156258161 0.559048056992058 0.7826888026629559
3.337289673394892 0.2909267731303638 0.4945002313132233 0.6956461476392762
3.611740432097305 0.2624494411879682 0.441282401419661 0.6147470812548151
3.908761367896666 0.23662307650724224 0.39178867525869676 0.5481588578024912
4.230208598431691 0.211264231247938 0.3413182762008521 0.47996643525508687
4.578090884037432 0.1856670517116719 0.2928160664804999 0.41160097754223646
4.954582180717272 0.16679636582795165 0.2542089298926856 0.35712721858677476
5.362035225441441 0.14946478845945124 0.21825292647218034 0.3084104068188194
5.802996238668218 0.1296132742899162 0.18260644905825812 0.2593582539677569
6.280220835965349 0.11812204660217879 0.15883284813128778 0.2228986621144798
6.796691248165449 0.11017432484579302 0.13819096968773387 0.1898714983388296
7.355634957665953 0.10445519591451609 0.12620912202164844 0.16640422167414068
7.960544867333986 0.10080448597189147 0.11710235466867779 0.14981093909719534
8.615201128054062 0.0975158167467545 0.11121960607673693 0.1365632421164281
9.323694761321166 0.09545130895523893 0.10769191487407397 0.12779468545160255
10.090453224499838 0.09348159148946833 0.10488617308956608 0.12131704931354725
10.920268078509219 0.09260367480416708 0.10386270149595436 0.118214517852025
11.81832493083268 0.09094960189421175 0.10183753176284019 0.11407395986749602
12.790235840969274 0.08936466046197689 0.09996435195574868 0.11075889446300456
13.842074390832359 0.08793924938102918 0.09817225499959031 0.10820698675113305
14.980413639254465 0.08614401870563554 0.09611855199596087 0.10590741060769492
16.212367197780008 0.08428419418180509 0.09394071824710759 0.10333438148819647
17.5456336844337 0.08223614801392516 0.09166823416685121 0.10086419519169809
18.98854483326089 0.08003931136893928 0.08922172436244924 0.0981985810981865
20.550117560282178 0.07765324896808504 0.0865025492151644 0.09495867239117653
22.24011031122786 0.0751664314973357 0.08365607553341183 0.09165892937152768
24.069084043176243 0.07257299326525324 0.08077678062002039 0.08837086797681819
26.04846822117662 0.06989991052662488 0.07776114668686951 0.08495469120682493
28.190632242277353 0.06692808506177429 0.07460814092500301 0.08142000758135487
30.508962733296215 0.06406660966319123 0.07136670517609886 0.07780505865521575
33.01794720537501 0.06114188519541913 0.06802968031933147 0.07409658836444227
35.73326458808612 0.05813580650154663 0.064642927599872 0.07035430992087044
38.67188320884794 0.05514401151189423 0.061239176158062306 0.06658645524702946
41.85216682993456 0.052057061558023116 0.05779755024261449 0.06280295473068657
45.29398940571683 0.04898844458571694 0.0543735422543372 0.05899531771817379
49.01885927726518 0.04595790250901931 0.05095660857164998 0.05521464374914218
53.05005358042157 0.04294368774384709 0.047569740606680955 0.05145401970702292
57.412763707271154 0.03991639507683482 0.04419595569642783 0.04777858899890604
62.13425273001878 0.03694730640358527 0.04088576882004471 0.044138948012058456
67.24402577103076 0.034000613346492466 0.03759699215795123 0.040547071155179505
72.7740143837035 0.031090716240414103 0.03435006752639438 0.03697208937024048
78.75877609637496 0.02821770105757103 0.031165526017599324 0.033499490032668305
85.23571036625366 0.025435586281794098 0.028057068159183067 0.030097917735688064
92.24529229288359 0.02277735028797547 0.025072422308967068 0.02686658568327781
99.83132555164886 0.02019046511810379 0.022179285377478236 0.023743158898256653
108.04121612792778 0.017632234933078014 0.019359798205253062 0.02065172680141354
116.92626856249139 0.015060072547438881 0.01657308917114799 0.01763409095524441
126.54200655941905 0.0125655347808985 0.013854411548435634 0.01469282323446497
136.94851996004616 0.010175687831543203 0.011223278620534224 0.011889901445720689
148.21084025122215 0.007931948836789706 0.008713341509123746 0.00919113074698528
160.39934695447488 0.005716221807243548 0.006279633661418968 0.0065968352082824725
173.59020743565264 0.0035711629061042083 0.003908926130818276 0.004110669426585998
187.865852883463 0.0014176384349099055 0.0016067518510327373 0.0017731585723061531
203.31549343135467 -0.0008410800688521424 -0.0005822368234565459 -0.00037287068225768435
220.03567564179727 -0.0030832760248480084 -0.002700136279402656 -0.002354569395012289
238.1308858367389 -0.005260249658312175 -0.004746593958576399 -0.004239116160317172
257.71420304452795 -0.007357968100976565 -0.006727718827077258 -0.006066705103335679
278.90800564363167 -0.00935140645969293 -0.008627364432937256 -0.007793260272917089
301.84473611905463 -0.0112587057322322 -0.010447651316778349 -0.009477984821685829
326.6677287105048 -0.01310653034532307 -0.012194413721358004 -0.011098043305770548
353.532105124372 -0.014868628368024172 -0.013861064061869453 -0.012635447610521423
382.60574390693006 -0.01656509899299467 -0.015454506147619009 -0.014083101658903356
414.0703295364836 -0.01818993271153965 -0.016982154861404197 -0.015491121485664635
448.1224877903529 -0.019725416210798295 -0.018444759605839363 -0.016829338727197378
484.9750144817395 -0.02118578085864176 -0.019829926084453275 -0.018090842333224433
524.858205244988 -0.022579079660720914 -0.021134428284679624 -0.019275352221559308
568.0212946792175 -0.02387377343938671 -0.022365114618388603 -0.0204164737487586
614.734013843704 -0.025086504230598772 -0.02352195144773526 -0.021487926715129783
665.2882758379764 -0.02624355674146532 -0.02461386718505007 -0.02250463141581979
719.9999999999999 -0.027327512279795792 -0.025633489473855128 -0.02345452173217712
